o0902929	n	1(N14)--	1(N14)
o0902864	n	7(N01)--	7(N01)
o0900064	s	AL--	AL
o0900217	s	DA-DA~a-	DA~a
o0901145	s	KU₆-KU₆~a-	KU₆~a
o0901131	s	KIŠIK-KIŠIK~a-	KIŠIK~a
o0902060	s	ŠUBUR--	ŠUBUR
o0901437	s	NA-NA~a-	NA~a
o0900175	s	BU-BU~a-	BU~a
o0901437	s	NA-NA~a-	NA~a
o0901393	s	MUD--	MUD
o0901393	s	MUD--	MUD
o0900822	c	|GI&GI|--	|GI&GI|
o0903234	n	3(N57)--	3(N57)
o0902786	s	ZATU819--	ZATU819
o0903368	s	X--	X
o0900594	s	EZINU-EZINU~a-	EZINU~a
o0900513	s	EN-EN~a-	EN~a
o0900162	s	BARA₃--	BARA₃
o0900279	s	DU--	DU
o0900836	s	GI₆--	GI₆
o0901284	s	LAM-LAM~b-	LAM~b
o0902033	s	ŠU--	ŠU
o0901697	s	SAL--	SAL
o0900493	s	E₂-E₂~a-	E₂~a
o0900175	s	BU-BU~a-	BU~a
o0901697	s	SAL--	SAL
o0902060	s	ŠUBUR--	ŠUBUR
o0900269	s	DIM-DIM~a-	DIM~a
o0901060	s	KAL-KAL~b2-	KAL~b2
o0901521	s	NIMGIR--	NIMGIR
o0900883	c	|GIŠ×ŠU₂|-|GIŠ×ŠU₂~a|-	|GIŠ×ŠU₂~a|
o0901521	s	NIMGIR--	NIMGIR
o0901184	s	LA₂--	LA₂
o0901904	s	SUM-SUM~b-	SUM~b
o0902332	s	URI₃-URI₃~a-	URI₃~a
o0902739	s	ZATU773-ZATU773~a-	ZATU773~a
o0902859	n	2(N01)--	2(N01)
o0900513	s	EN-EN~a-	EN~a
o0902139	s	TUR--	TUR
o0900089	s	AN--	AN
o0900513	s	EN-EN~a-	EN~a
o0901724	s	SI--	SI
o0902302	s	UR-UR~a-	UR~a
o0902860	n	3(N01)--	3(N01)
o0902206	c	|U₄×1(N57)|--	|U₄×1(N57)|
o0902139	s	TUR--	TUR
o0902243	s	UDU-UDU~a-	UDU~a
o0900493	s	E₂-E₂~a-	E₂~a
o0901648	s	PIRIG-PIRIG~b1-	PIRIG~b1
o0901270	s	LAL₂-LAL₂~a-	LAL₂~a
o0900175	s	BU-BU~a-	BU~a
o0903234	n	3(N57)--	3(N57)
o0901090	s	KI--	KI
o0900279	s	DU--	DU
o0902858	n	1(N01)--	1(N01)
o0902207	c	|U₄×2(N57)|--	|U₄×2(N57)|
o0902139	s	TUR--	TUR
o0900960	s	HI--	HI
o0900279	s	DU--	DU
o0902076	s	TA-TA~c-	TA~c
o0902866	n	9(N01)--	9(N01)
o0902208	c	|U₄×3(N57)|--	|U₄×3(N57)|
o0902139	s	TUR--	TUR
o0900276	s	DIN--	DIN
o0900493	s	E₂-E₂~a-	E₂~a
o0900860	s	GIR₃-GIR₃~c-	GIR₃~c
o0901501	s	NI-NI~a-	NI~a
o0902060	s	ŠUBUR--	ŠUBUR
o0901659	s	RAD-RAD~a-	RAD~a
o0901426	s	MUŠEN--	MUŠEN
o0903210	n	1(N57)--	1(N57)
o0900513	s	EN-EN~a-	EN~a
o0901517	s	NIM-NIM~b1-	NIM~b1
o0901639	s	PAP-PAP~a-	PAP~a
o0902146	s	TUR₃-TUR₃~a-	TUR₃~a
o0902157	s	U₂-U₂~b-	U₂~b
o0900279	s	DU--	DU
o0900089	s	AN--	AN
o0902227	s	UB--	UB
o0900960	s	HI--	HI
o0902094	s	TAK₄-TAK₄~a-	TAK₄~a
o0900000	s	A--	A
o0902157	s	U₂-U₂~b-	U₂~b
o0902929	n	1(N14)--	1(N14)
o0902866	n	9(N01)--	9(N01)
o0900064	s	AL--	AL
o0900935	s	GUL--	GUL
o0901133	s	KITI--	KITI
o0900546	s	EŠDA--	EŠDA
o0900089	s	AN--	AN
o0901437	s	NA-NA~a-	NA~a
o0902060	s	ŠUBUR--	ŠUBUR
o0901131	s	KIŠIK-KIŠIK~a-	KIŠIK~a
o0900513	s	EN-EN~a-	EN~a
o0901639	s	PAP-PAP~a-	PAP~a
o0900806	s	GI--	GI
o0900269	s	DIM-DIM~a-	DIM~a
o0900513	s	EN-EN~a-	EN~a
o0902139	s	TUR--	TUR
o0900493	s	E₂-E₂~a-	E₂~a
o0902060	s	ŠUBUR--	ŠUBUR
o0900822	c	|GI&GI|--	|GI&GI|
o0903234	n	3(N57)--	3(N57)
o0900077	s	AMA-AMA~a-	AMA~a
o0900089	s	AN--	AN
o0900513	s	EN-EN~a-	EN~a
o0900513	s	EN-EN~a-	EN~a
o0901437	s	NA-NA~a-	NA~a
o0901518	s	NIM-NIM~b2-	NIM~b2
o0901313	s	MA--	MA
o0901313	s	MA--	MA
o0900513	s	EN-EN~a-	EN~a
o0901437	s	NA-NA~a-	NA~a
o0901518	s	NIM-NIM~b2-	NIM~b2
o0900806	s	GI--	GI
o0901437	s	NA-NA~a-	NA~a
o0900089	s	AN--	AN
o0901090	s	KI--	KI
o0900513	s	EN-EN~a-	EN~a
o0901613	s	NUNUZ-NUNUZ~a0-	NUNUZ~a0
o0900616	s	GA₂-GA₂~a1-	GA₂~a1
o0901184	s	LA₂--	LA₂
o0902102	s	TE--	TE
o0901082	s	KAŠ-KAŠ~c-	KAŠ~c
o0903368	s	X--	X
o0902039	s	ŠU₂-ŠU₂~a-	ŠU₂
o0902332	s	URI₃-URI₃~a-	URI₃~a
o0902111	s	TU-TU~a-	TU~a
o0900513	s	EN-EN~a-	EN~a
o0902863	n	6(N01)--	6(N01)
o0902139	s	TUR--	TUR
o0900513	s	EN-EN~a-	EN~a
o0901082	s	KAŠ-KAŠ~c-	KAŠ~c
o0900089	s	AN--	AN
o0901437	s	NA-NA~a-	NA~a
o0901380	s	ME-ME~a-	ME~a
o0900969	c	|(HI×1(N57)).(HI×1(N57))|--	|(HI×1(N57)).(HI×1(N57))|
o0900513	s	EN-EN~a-	EN~a
o0901639	s	PAP-PAP~a-	PAP~a
o0900870	s	GIR₃@g-GIR₃@g~b-	GIR₃@g~b
o0903234	n	3(N57)--	3(N57)
o0902302	s	UR-UR~a-	UR~a
o0902332	s	URI₃-URI₃~a-	URI₃~a
o0903368	s	X--	X
o0902861	n	4(N01)--	4(N01)
o0902206	c	|U₄×1(N57)|--	|U₄×1(N57)|
o0902139	s	TUR--	TUR
o0902033	s	ŠU--	ŠU
o0901639	s	PAP-PAP~a-	PAP~a
o0900513	s	EN-EN~a-	EN~a
o0900513	s	EN-EN~a-	EN~a
o0903368	s	X--	X
o0900089	s	AN--	AN
o0902641	s	ZATU735-ZATU735~a-	ZATU735~a
o0900279	s	DU--	DU
o0900541	s	ERIM-ERIM~a-	ERIM~a
o0902929	n	1(N14)--	1(N14)
o0902860	n	3(N01)--	3(N01)
o0902208	c	|U₄×3(N57)|--	|U₄×3(N57)|
o0902139	s	TUR--	TUR
o0902094	s	TAK₄-TAK₄~a-	TAK₄~a
o0900158	s	BARA₂-BARA₂~a-	BARA₂~a
o0902039	s	ŠU₂-ŠU₂~a-	ŠU₂
o0901639	s	PAP-PAP~a-	PAP~a
o0900493	s	E₂-E₂~a-	E₂~a
o0901284	s	LAM-LAM~b-	LAM~b
o0901393	s	MUD--	MUD
o0900199	c	|BU+DU₆|-|BU~a+DU₆~a|-	|BU~a+DU₆~a|
o0900935	s	GUL--	GUL
o0900089	s	AN--	AN
o0902094	s	TAK₄-TAK₄~a-	TAK₄~a
o0902220	s	U₈--	U₈
o0900616	s	GA₂-GA₂~a1-	GA₂~a1
o0900513	s	EN-EN~a-	EN~a
o0900906	s	GU--	GU
o0903234	n	3(N57)--	3(N57)
o0900493	s	E₂-E₂~a-	E₂~a
o0903368	s	X--	X
o0902932	n	3(N14)--	3(N14)
o0902863	n	6(N01)--	6(N01)
o0900064	s	AL--	AL
o0902865	n	8(N01)--	8(N01)
o0900513	s	EN-EN~a-	EN~a
o0902139	s	TUR--	TUR
o0902864	n	7(N01)--	7(N01)
o0902206	c	|U₄×1(N57)|--	|U₄×1(N57)|
o0902139	s	TUR--	TUR
o0902858	n	1(N01)--	1(N01)
o0902207	c	|U₄×2(N57)|--	|U₄×2(N57)|
o0902139	s	TUR--	TUR
o0902930	n	2(N14)--	2(N14)
o0902859	n	2(N01)--	2(N01)
o0902208	c	|U₄×3(N57)|--	|U₄×3(N57)|
o0902139	s	TUR--	TUR
o0903059	n	1(N34)--	1(N34)
o0902929	n	1(N14)--	1(N14)
o0902861	n	4(N01)--	4(N01)
o0903210	n	1(N57)--	1(N57)
o0903222	n	2(N57)--	2(N57)
o0901407	s	MUN-MUN~a1-	MUN~a1
o0901870	s	SU-SU~a-	SU~a
o0901639	s	PAP-PAP~a-	PAP~a
o0901518	s	NIM-NIM~b2-	NIM~b2
o0900241	c	|DARA₃×KAR₂|-|DARA₃~c×KAR₂~b|-	|DARA₃~c×KAR₂|
o0900064	s	AL--	AL
o0902858	n	1(N01)--	1(N01)
o0900089	s	AN--	AN
o0903368	s	X--	X
o0901080	s	KAŠ-KAŠ~b-	KAŠ~b
o0901697	s	SAL--	SAL
o0901481	s	NAR--	NAR
o0902914	n	3(N08)--	3(N08)
o0903368	s	X--	X
o0901524	s	NIN--	NIN
o0901946	s	ŠE-ŠE~a-	ŠE~a
o0903368	s	X--	X
o0903368	s	X--	X
o0902909	n	1(N08)--	1(N08)
o0903023	n	1(N26)--	1(N26)
o0903053	n	1(N30C)--	1(N30~c)
o0902642	s	ZATU735-ZATU735~b-	ZATU735~b
o0902912	n	2(N08)--	2(N08)
o0900089	s	AN--	AN
o0901481	s	NAR--	NAR
o0902909	n	1(N08)--	1(N08)
o0903016	n	1(N24)--	1(N24)
o0903053	n	1(N30C)--	1(N30~c)
o0903368	s	X--	X
o0900938	s	GUM-GUM~b-	GUM~b
o0901701	c	|SAL.LAM|-|SAL.LAM~b|-	|SAL.LAM~b|
o0902139	s	TUR--	TUR
o0902909	n	1(N08)--	1(N08)
o0901701	c	|SAL.LAM|-|SAL.LAM~b|-	|SAL.LAM~b|
o0902139	s	TUR--	TUR
o0903016	n	1(N24)--	1(N24)
o0903023	n	1(N26)--	1(N26)
o0901426	s	MUŠEN--	MUŠEN
o0902884	n	1(N04)--	1(N04)
o0900581	c	|EZEN×SU|-|EZEN~a×SU~a|-	|EZEN~a×SU~a|
o0903368	s	X--	X
o0902913	n	2(N08)-2(N08~b)-	2(N08~b)
o0901392	s	MU--	MU
o0903368	s	X--	X
o0902913	n	2(N08)-2(N08~b)-	2(N08~b)
o0901699	c	|SAL.KUR|-|SAL.KUR~a|-	|SAL.KUR~a|
o0902139	s	TUR--	TUR
o0902913	n	2(N08)-2(N08~b)-	2(N08~b)
o0901184	s	LA₂--	LA₂
o0901879	s	SUG₅--	SUG₅
o0902139	s	TUR--	TUR
o0901699	c	|SAL.KUR|-|SAL.KUR~a|-	|SAL.KUR~a|
o0903336	n	1(N24)-1(N24B)-	1(N24~b)
o0903368	s	X--	X
o0903336	n	1(N24)-1(N24B)-	1(N24~b)
o0901699	c	|SAL.KUR|-|SAL.KUR~a|-	|SAL.KUR~a|
o0902139	s	TUR--	TUR
o0902917	n	4(N08)-4(N08~b)-	4(N08~b)
o0903336	n	1(N24)-1(N24B)-	1(N24~b)
o0902641	s	ZATU735-ZATU735~a-	ZATU735~a
o0902915	n	3(N08)-3(N08~b)-	3(N08~b)
o0901080	s	KAŠ-KAŠ~b-	KAŠ~b
o0901697	s	SAL--	SAL
o0902641	s	ZATU735-ZATU735~a-	ZATU735~a
o0902859	n	2(N01)--	2(N01)
o0903368	s	X--	X
o0902860	n	3(N01)--	3(N01)
o0901468	s	NAM₂--	NAM₂
o0901946	s	ŠE-ŠE~a-	ŠE~a
o0902884	n	1(N04)--	1(N04)
o0901187	s	LAGAB-LAGAB~b-	LAGAB~b
o0903066	n	7(N34)--	7(N34)
o0902929	n	1(N14)--	1(N14)
o0901376	s	MAŠ--	MAŠ
o0901090	s	KI--	KI
o0901090	s	KI--	KI
o0900599	s	GA-GA~a-	GA~a
o0900890	s	GIŠ₃-GIŠ₃~b-	GIŠ₃~b
o0901044	s	KAB--	KAB
o0903066	n	7(N34)--	7(N34)
o0902932	n	3(N14)--	3(N14)
o0902858	n	1(N01)--	1(N01)
o0901376	s	MAŠ--	MAŠ
o0901090	s	KI--	KI
o0901625	s	PA-PA~a-	PA~a
o0902865	n	8(N01)--	8(N01)
o0900154	s	BAR--	BAR
o0900089	s	AN--	AN
o0901593	s	NUN-NUN~b-	NUN~b
o0902858	n	1(N01)--	1(N01)
o0901593	s	NUN-NUN~b-	NUN~b
o0900729	s	GAL-GAL~a-	GAL~a
o0900599	s	GA-GA~a-	GA~a
o0902929	n	1(N14)--	1(N14)
o0900960	s	HI--	HI
o0900513	s	EN-EN~a-	EN~a
o0901090	s	KI--	KI
o0902865	n	8(N01)--	8(N01)
o0902102	s	TE--	TE
o0902060	s	ŠUBUR--	ŠUBUR
o0901593	s	NUN-NUN~b-	NUN~b
o0900154	s	BAR--	BAR
o0902859	n	2(N01)--	2(N01)
o0902234	s	UD₅-UD₅~a-	UD₅~a
o0900890	s	GIŠ₃-GIŠ₃~b-	GIŠ₃~b
o0901045	c	|KAB×1(N58)|--	|KAB×1(N58)|
o0902859	n	2(N01)--	2(N01)
o0902102	s	TE--	TE
o0902060	s	ŠUBUR--	ŠUBUR
o0902858	n	1(N01)--	1(N01)
o0903234	n	3(N57)--	3(N57)
o0900531	c	|EN₂.E₂|-|EN₂.E₂~a|-	|EN₂.E₂~a|
o0902859	n	2(N01)--	2(N01)
o0900860	s	GIR₃-GIR₃~c-	GIR₃~c
o0902858	n	1(N01)--	1(N01)
o0900513	s	EN-EN~a-	EN~a
o0901090	s	KI--	KI
o0900960	s	HI--	HI
o0900154	s	BAR--	BAR
o0902234	s	UD₅-UD₅~a-	UD₅~a
o0902860	n	3(N01)--	3(N01)
o0902401	s	UTUA-UTUA~b-	UTUA~b
o0902339	s	URU-URU~a1-	URU~a1
o0901304	s	LU₂--	LU₂
o0902859	n	2(N01)--	2(N01)
o0900513	s	EN-EN~a-	EN~a
o0901090	s	KI--	KI
o0900960	s	HI--	HI
o0902858	n	1(N01)--	1(N01)
o0902786	s	ZATU819--	ZATU819
o0902400	s	UTUA-UTUA~a-	UTUA~a
o0900312	s	DUB-DUB~a-	DUB~a
o0900806	s	GI--	GI
o0900988	s	IDIGNA--	IDIGNA
o0902858	n	1(N01)--	1(N01)
o0902060	s	ŠUBUR--	ŠUBUR
o0901918	s	ŠA₃-ŠA₃~a1-	ŠA₃~a1
o0902864	n	7(N01)--	7(N01)
o0901376	s	MAŠ--	MAŠ
o0901158	s	KUR-KUR~a-	KUR~a
o0902739	s	ZATU773-ZATU773~a-	ZATU773~a
o0902860	n	3(N01)--	3(N01)
o0900513	s	EN-EN~a-	EN~a
o0900983	s	IB-IB~a-	IB~a
o0901648	s	PIRIG-PIRIG~b1-	PIRIG~b1
o0902858	n	1(N01)--	1(N01)
o0903234	n	3(N57)--	3(N57)
o0901709	s	SANGA-SANGA~a-	SANGA~a
o0902862	n	5(N01)--	5(N01)
o0902060	s	ŠUBUR--	ŠUBUR
o0902763	s	ZATU795--	ZATU795
o0901284	s	LAM-LAM~b-	LAM~b
o0902864	n	7(N01)--	7(N01)
o0901082	s	KAŠ-KAŠ~c-	KAŠ~c
o0900217	s	DA-DA~a-	DA~a
o0902930	n	2(N14)--	2(N14)
o0902861	n	4(N01)--	4(N01)
o0900115	s	BA--	BA
o0901516	s	NIM-NIM~a-	NIM~a
o0902858	n	1(N01)--	1(N01)
o0902033	s	ŠU--	ŠU
o0902139	s	TUR--	TUR
o0901639	s	PAP-PAP~a-	PAP~a
o0902858	n	1(N01)--	1(N01)
o0901946	s	ŠE-ŠE~a-	ŠE~a
o0901724	s	SI--	SI
o0901670	s	RU--	RU
o0902858	n	1(N01)--	1(N01)
o0900175	s	BU-BU~a-	BU~a
o0901946	s	ŠE-ŠE~a-	ŠE~a
o0900279	s	DU--	DU
o0902858	n	1(N01)--	1(N01)
o0901946	s	ŠE-ŠE~a-	ŠE~a
o0903368	s	X--	X
o0900041	s	AB₂--	AB₂
o0902858	n	1(N01)--	1(N01)
o0902243	s	UDU-UDU~a-	UDU~a
o0900095	s	ANŠE-ANŠE~c-	ANŠE~c
o0902858	n	1(N01)--	1(N01)
o0900089	s	AN--	AN
o0900546	s	EŠDA--	EŠDA
o0901946	s	ŠE-ŠE~a-	ŠE~a
o0901142	s	KU₃-KU₃~a-	KU₃~a
o0901090	s	KI--	KI
o0900000	s	A--	A
o0901625	s	PA-PA~a-	PA~a
o0902932	n	3(N14)--	3(N14)
o0901946	s	ŠE-ŠE~a-	ŠE~a
o0901625	s	PA-PA~a-	PA~a
o0901090	s	KI--	KI
o0901142	s	KU₃-KU₃~a-	KU₃~a
o0900000	s	A--	A
o0902860	n	3(N01)--	3(N01)
o0902243	s	UDU-UDU~a-	UDU~a
o0901304	s	LU₂--	LU₂
o0901697	s	SAL--	SAL
o0902697	s	ZATU751-ZATU751~a-	ZATU751~a
o0901697	s	SAL--	SAL
o0901380	s	ME-ME~a-	ME~a
o0903368	s	X--	X
o0902860	n	3(N01)--	3(N01)
o0901709	s	SANGA-SANGA~a-	SANGA~a
o0901063	s	KALAM-KALAM~b-	KALAM~b
o0900279	s	DU--	DU
o0901639	s	PAP-PAP~a-	PAP~a
o0900671	c	|GA₂×3(N57)|-|GA₂~a2×3(N57)|-	|GA₂~a2×3(N57)|
o0901724	s	SI--	SI
o0901115	s	KISAL-KISAL~b1-	KISAL~b1
o0901639	s	PAP-PAP~a-	PAP~a
o0900960	s	HI--	HI
o0902327	s	UR₅-UR₅~a-	UR₅~a
o0902453	s	ZATU628-ZATU628~a-	ZATU628~a
o0901426	s	MUŠEN--	MUŠEN
o0901697	s	SAL--	SAL
o0902859	n	2(N01)--	2(N01)
o0900513	s	EN-EN~a-	EN~a
o0901639	s	PAP-PAP~a-	PAP~a
o0901709	s	SANGA-SANGA~a-	SANGA~a
o0903280	n	1(N58)--	1(N58)
o0900513	s	EN-EN~a-	EN~a
o0900089	s	AN--	AN
o0900485	s	DUR₂--	DUR₂
o0900960	s	HI--	HI
o0902884	n	1(N04)--	1(N04)
o0901724	s	SI--	SI
o0902864	n	7(N01)--	7(N01)
o0903368	s	X--	X
o0902302	s	UR-UR~a-	UR~a
o0901145	s	KU₆-KU₆~a-	KU₆~a
o0901659	s	RAD-RAD~a-	RAD~a
o0900269	s	DIM-DIM~a-	DIM~a
o0903368	s	X--	X
o0903368	s	X--	X
o0901724	s	SI--	SI
o0900494	s	E₂-E₂~b-	E₂~b
o0903368	s	X--	X
o0901501	s	NI-NI~a-	NI~a
o0902697	s	ZATU751-ZATU751~a-	ZATU751~a
o0903234	n	3(N57)--	3(N57)
o0900485	s	DUR₂--	DUR₂
o0900546	s	EŠDA--	EŠDA
o0903234	n	3(N57)--	3(N57)
o0900546	s	EŠDA--	EŠDA
o0900513	s	EN-EN~a-	EN~a
o0901442	s	NA₂-NA₂~a-	NA₂~a
o0900012	s	AB-AB~a-	AB~a
o0902929	n	1(N14)--	1(N14)
o0902863	n	6(N01)--	6(N01)
o0900115	s	BA--	BA
o0900312	s	DUB-DUB~a-	DUB~a
o0901659	s	RAD-RAD~a-	RAD~a
o0902864	n	7(N01)--	7(N01)
o0901030	s	KA-KA~a-	KA~a
o0900806	s	GI--	GI
o0902862	n	5(N01)--	5(N01)
o0900000	s	A--	A
o0900089	s	AN--	AN
o0902899	n	1(N06)--	1(N06)
o0900890	s	GIŠ₃-GIŠ₃~b-	GIŠ₃~b
o0902858	n	1(N01)--	1(N01)
o0901648	s	PIRIG-PIRIG~b1-	PIRIG~b1
o0902858	n	1(N01)--	1(N01)
o0901426	s	MUŠEN--	MUŠEN
o0900089	s	AN--	AN
o0903368	s	X--	X
o0901217	c	|LAGAB×LAGAB|-|LAGAB~a×LAGAB~a|-	|LAGAB~a×LAGAB~a|
o0902858	n	1(N01)--	1(N01)
o0900089	s	AN--	AN
o0902157	s	U₂-U₂~b-	U₂~b
o0902858	n	1(N01)--	1(N01)
o0902000	s	ŠIR-ŠIR~b-	ŠIR~b
o0900000	s	A--	A
o0902858	n	1(N01)--	1(N01)
o0900089	s	AN--	AN
o0901675	s	SA-SA~c-	SA~c
o0902859	n	2(N01)--	2(N01)
o0900115	s	BA--	BA
o0900000	s	A--	A
o0902859	n	2(N01)--	2(N01)
o0902243	s	UDU-UDU~a-	UDU~a
o0902033	s	ŠU--	ŠU
o0902858	n	1(N01)--	1(N01)
o0901440	s	NA-NA~d-	NA~d
o0901639	s	PAP-PAP~a-	PAP~a
o0902858	n	1(N01)--	1(N01)
o0903368	s	X--	X
o0902858	n	1(N01)--	1(N01)
o0900089	s	AN--	AN
o0901648	s	PIRIG-PIRIG~b1-	PIRIG~b1
o0901082	s	KAŠ-KAŠ~c-	KAŠ~c
o0902859	n	2(N01)--	2(N01)
o0901483	s	NE-NE~a-	NE~a
o0901137	s	KU-KU~b1-	KU~b1
o0902858	n	1(N01)--	1(N01)
o0901137	s	KU-KU~b1-	KU~b1
o0900089	s	AN--	AN
o0902858	n	1(N01)--	1(N01)
o0900217	s	DA-DA~a-	DA~a
o0901481	s	NAR--	NAR
o0902858	n	1(N01)--	1(N01)
o0903368	s	X--	X
o0902858	n	1(N01)--	1(N01)
o0900089	s	AN--	AN
o0903368	s	X--	X
o0901501	s	NI-NI~a-	NI~a
o0902858	n	1(N01)--	1(N01)
o0903368	s	X--	X
o0902033	s	ŠU--	ŠU
o0901501	s	NI-NI~a-	NI~a
o0902858	n	1(N01)--	1(N01)
o0900115	s	BA--	BA
o0901648	s	PIRIG-PIRIG~b1-	PIRIG~b1
o0901380	s	ME-ME~a-	ME~a
o0902858	n	1(N01)--	1(N01)
o0902103	s	TI--	TI
o0901918	s	ŠA₃-ŠA₃~a1-	ŠA₃~a1
o0902858	n	1(N01)--	1(N01)
o0901918	s	ŠA₃-ŠA₃~a1-	ŠA₃~a1
o0901082	s	KAŠ-KAŠ~c-	KAŠ~c
o0902858	n	1(N01)--	1(N01)
o0901082	s	KAŠ-KAŠ~c-	KAŠ~c
o0900778	s	GAN₂--	GAN₂
o0902243	s	UDU-UDU~a-	UDU~a
o0902858	n	1(N01)--	1(N01)
o0902858	n	1(N01)--	1(N01)
o0903368	s	X--	X
o0903368	s	X--	X
o0902859	n	2(N01)--	2(N01)
o0903368	s	X--	X
o0901481	s	NAR--	NAR
o0902858	n	1(N01)--	1(N01)
o0902094	s	TAK₄-TAK₄~a-	TAK₄~a
o0900000	s	A--	A
o0900906	s	GU--	GU
o0902858	n	1(N01)--	1(N01)
o0902861	n	4(N01)--	4(N01)
o0900806	s	GI--	GI
o0902829	s	ZI-ZI~a-	ZI~a
o0902858	n	1(N01)--	1(N01)
o0900938	s	GUM-GUM~b-	GUM~b
o0901501	s	NI-NI~a-	NI~a
o0902858	n	1(N01)--	1(N01)
o0900217	s	DA-DA~a-	DA~a
o0903368	s	X--	X
o0902859	n	2(N01)--	2(N01)
o0901696	s	SAGŠU--	SAGŠU
o0900000	s	A--	A
o0900906	s	GU--	GU
o0900279	s	DU--	DU
o0902858	n	1(N01)--	1(N01)
o0900981	s	I--	I
o0900836	s	GI₆--	GI₆
o0902858	n	1(N01)--	1(N01)
o0901592	s	NUN-NUN~a-	NUN~a
o0901771	s	SIG₇--	SIG₇
o0902858	n	1(N01)--	1(N01)
o0902103	s	TI--	TI
o0902858	n	1(N01)--	1(N01)
o0900089	s	AN--	AN
o0901184	s	LA₂--	LA₂
o0901614	s	NUNUZ-NUNUZ~a1-	NUNUZ~a1
o0902858	n	1(N01)--	1(N01)
o0902234	s	UD₅-UD₅~a-	UD₅~a
o0902859	n	2(N01)--	2(N01)
o0901694	s	SAG@g--	SAG@g
o0900217	s	DA-DA~a-	DA~a
o0902858	n	1(N01)--	1(N01)
o0901137	s	KU-KU~b1-	KU~b1
o0902584	s	ZATU697-ZATU697~a-	ZATU697~a
o0902866	n	9(N01)--	9(N01)
o0903368	s	X--	X
o0900089	s	AN--	AN
o0900279	s	DU--	DU
o0902332	s	URI₃-URI₃~a-	URI₃~a
o0902858	n	1(N01)--	1(N01)
o0902575	s	ZATU694-ZATU694~c-	ZATU694~c
o0901674	s	SA-SA~a-	SA~a
o0900871	s	GIR₃@g-GIR₃@g~c-	GIR₃@g~c
o0902859	n	2(N01)--	2(N01)
o0901184	s	LA₂--	LA₂
o0901614	s	NUNUZ-NUNUZ~a1-	NUNUZ~a1
o0902744	s	ZATU776--	ZATU776
o0902861	n	4(N01)--	4(N01)
o0900000	s	A--	A
o0901501	s	NI-NI~a-	NI~a
o0901483	s	NE-NE~a-	NE~a
o0902858	n	1(N01)--	1(N01)
o0900981	s	I--	I
o0901361	s	MAR-MAR~a-	MAR~a
o0902859	n	2(N01)--	2(N01)
o0902136	s	TUN₃-TUN₃~a-	TUN₃~a
o0900000	s	A--	A
o0901501	s	NI-NI~a-	NI~a
o0902858	n	1(N01)--	1(N01)
o0901437	s	NA-NA~a-	NA~a
o0902157	s	U₂-U₂~b-	U₂~b
o0902858	n	1(N01)--	1(N01)
o0900513	s	EN-EN~a-	EN~a
o0900100	s	APIN-APIN~a-	APIN~a
o0900014	s	AB-AB~b-	AB~b
o0902858	n	1(N01)--	1(N01)
o0900089	s	AN--	AN
o0900217	s	DA-DA~a-	DA~a
o0902803	s	ZATU837-ZATU837~a-	ZATU837~a
o0902858	n	1(N01)--	1(N01)
o0902858	n	1(N01)--	1(N01)
o0903368	s	X--	X
o0902858	n	1(N01)--	1(N01)
o0902858	n	1(N01)--	1(N01)
o0902858	n	1(N01)--	1(N01)
o0902788	s	ZATU821--	ZATU821
o0902858	n	1(N01)--	1(N01)
o0900089	s	AN--	AN
o0901304	s	LU₂--	LU₂
o0902858	n	1(N01)--	1(N01)
o0901481	s	NAR--	NAR
o0900617	s	GA₂-GA₂~a2-	GA₂~a2
o0902859	n	2(N01)--	2(N01)
o0901426	s	MUŠEN--	MUŠEN
o0903368	s	X--	X
o0900115	s	BA--	BA
o0902859	n	2(N01)--	2(N01)
o0901313	s	MA--	MA
o0900089	s	AN--	AN
o0900217	s	DA-DA~a-	DA~a
o0902858	n	1(N01)--	1(N01)
o0901501	s	NI-NI~a-	NI~a
o0901518	s	NIM-NIM~b2-	NIM~b2
o0903368	s	X--	X
o0902858	n	1(N01)--	1(N01)
o0902858	n	1(N01)--	1(N01)
o0902858	n	1(N01)--	1(N01)
o0902858	n	1(N01)--	1(N01)
o0902858	n	1(N01)--	1(N01)
o0903368	s	X--	X
o0901483	s	NE-NE~a-	NE~a
o0902859	n	2(N01)--	2(N01)
o0900217	s	DA-DA~a-	DA~a
o0902859	n	2(N01)--	2(N01)
o0902858	n	1(N01)--	1(N01)
o0903368	s	X--	X
o0900494	s	E₂-E₂~b-	E₂~b
o0902859	n	2(N01)--	2(N01)
o0900860	s	GIR₃-GIR₃~c-	GIR₃~c
o0903368	s	X--	X
o0903368	s	X--	X
o0902860	n	3(N01)--	3(N01)
o0903368	s	X--	X
o0901501	s	NI-NI~a-	NI~a
o0903368	s	X--	X
o0900115	s	BA--	BA
o0903059	n	1(N34)--	1(N34)
o0902863	n	6(N01)--	6(N01)
o0902243	s	UDU-UDU~a-	UDU~a
o0902858	n	1(N01)--	1(N01)
o0901483	s	NE-NE~a-	NE~a
o0900908	s	GU₄--	GU₄
o0901524	s	NIN--	NIN
o0901746	s	SIG--	SIG
o0903210	n	1(N57)--	1(N57)
o0900115	s	BA--	BA
o0902788	s	ZATU821--	ZATU821
o0900806	s	GI--	GI
o0902859	n	2(N01)--	2(N01)
o0902220	s	U₈--	U₈
o0902929	n	1(N14)--	1(N14)
o0902860	n	3(N01)--	3(N01)
o0902234	s	UD₅-UD₅~a-	UD₅~a
o0902929	n	1(N14)--	1(N14)
o0902864	n	7(N01)--	7(N01)
o0902400	s	UTUA-UTUA~a-	UTUA~a
o0902859	n	2(N01)--	2(N01)
o0902250	s	UDUNITA-UDUNITA~a-	UDUNITA~a
o0902930	n	2(N14)--	2(N14)
o0902858	n	1(N01)--	1(N01)
o0901593	s	NUN-NUN~b-	NUN~b
o0902929	n	1(N14)--	1(N14)
o0902858	n	1(N01)--	1(N01)
o0901377	s	MAŠ₂--	MAŠ₂
o0902860	n	3(N01)--	3(N01)
o0900115	s	BA--	BA
o0903222	n	2(N57)--	2(N57)
o0900000	s	A--	A
o0901677	s	SAG--	SAG
o0902077	s	TA-TA~d-	TA~d
o0900279	s	DU--	DU
o0900513	s	EN-EN~a-	EN~a
o0902339	s	URU-URU~a1-	URU~a1
o0903222	n	2(N57)--	2(N57)
o0902930	n	2(N14)--	2(N14)
o0902914	n	3(N08)--	3(N08)
o0902161	s	U₄--	U₄
o0902865	n	8(N01)--	8(N01)
o0903222	n	2(N57)--	2(N57)
o0903368	s	X--	X
o0903234	n	3(N57)--	3(N57)
o0901697	s	SAL--	SAL
o0903234	n	3(N57)--	3(N57)
o0901145	s	KU₆-KU₆~a-	KU₆~a
o0901659	s	RAD-RAD~a-	RAD~a
o0902060	s	ŠUBUR--	ŠUBUR
o0903234	n	3(N57)--	3(N57)
o0901697	s	SAL--	SAL
o0900175	s	BU-BU~a-	BU~a
o0900806	s	GI--	GI
o0902139	s	TUR--	TUR
o0900175	s	BU-BU~a-	BU~a
o0903368	s	X--	X
o0903368	s	X--	X
o0900983	s	IB-IB~a-	IB~a
o0900279	s	DU--	DU
o0901437	s	NA-NA~a-	NA~a
o0900513	s	EN-EN~a-	EN~a
o0903368	s	X--	X
o0902243	s	UDU-UDU~a-	UDU~a
o0902929	n	1(N14)--	1(N14)
o0902161	s	U₄--	U₄
o0902929	n	1(N14)--	1(N14)
o0902912	n	2(N08)--	2(N08)
o0902161	s	U₄--	U₄
o0900228	s	DAR-DAR~a-	DAR~a
o0901361	s	MAR-MAR~a-	MAR~a
o0901639	s	PAP-PAP~a-	PAP~a
o0901870	s	SU-SU~a-	SU~a
o0902858	n	1(N01)--	1(N01)
o0900154	s	BAR--	BAR
o0901158	s	KUR-KUR~a-	KUR~a
o0901426	s	MUŠEN--	MUŠEN
o0900000	s	A--	A
o0900806	s	GI--	GI
o0902858	n	1(N01)--	1(N01)
o0902248	c	|UDU×TAR|-|UDU~a×TAR~b|-	|(UDU~a×TAR)~b|
o0900513	s	EN-EN~a-	EN~a
o0902161	s	U₄--	U₄
o0902060	s	ŠUBUR--	ŠUBUR
o0902248	c	|UDU×TAR|-|UDU~a×TAR~b|-	|(UDU~a×TAR)~b|
o0901262	s	LAGAR-LAGAR~a-	LAGAR~a
o0902161	s	U₄--	U₄
o0902060	s	ŠUBUR--	ŠUBUR
o0901662	s	RAD@g-RAD~a@g-	RAD~a@g
o0900513	s	EN-EN~a-	EN~a
o0902384	s	UŠ-UŠ~a-	UŠ~a
o0902929	n	1(N14)--	1(N14)
o0902858	n	1(N01)--	1(N01)
o0902243	s	UDU-UDU~a-	UDU~a
o0900806	s	GI--	GI
o0901376	s	MAŠ--	MAŠ
o0901090	s	KI--	KI
o0901697	s	SAL--	SAL
o0900487	s	E-E~a-	E~a
o0902234	s	UD₅-UD₅~a-	UD₅~a
o0900806	s	GI--	GI
o0901082	s	KAŠ-KAŠ~c-	KAŠ~c
o0901639	s	PAP-PAP~a-	PAP~a
o0902060	s	ŠUBUR--	ŠUBUR
o0902060	s	ŠUBUR--	ŠUBUR
o0901521	s	NIMGIR--	NIMGIR
o0902858	n	1(N01)--	1(N01)
o0900154	s	BAR--	BAR
o0903285	n	3(N58)--	3(N58)
o0900494	s	E₂-E₂~b-	E₂~b
o0900494	s	E₂-E₂~b-	E₂~b
o0902076	s	TA-TA~c-	TA~c
o0900960	s	HI--	HI
o0901697	s	SAL--	SAL
o0900948	s	GURUŠ-GURUŠ~a-	GURUŠ~a
o0901659	s	RAD-RAD~a-	RAD~a
o0902792	s	ZATU825--	ZATU825
o0900041	s	AB₂--	AB₂
o0901946	s	ŠE-ŠE~a-	ŠE~a
o0903368	s	X--	X
o0902318	s	UR₃-UR₃~b2-	UR₃~b2
o0902929	n	1(N14)--	1(N14)
o0902862	n	5(N01)--	5(N01)
o0901946	s	ŠE-ŠE~a-	ŠE~a
o0900100	s	APIN-APIN~a-	APIN~a
o0902094	s	TAK₄-TAK₄~a-	TAK₄~a
o0902157	s	U₂-U₂~b-	U₂~b
o0902859	n	2(N01)--	2(N01)
o0900279	s	DU--	DU
o0900279	s	DU--	DU
o0900860	s	GIR₃-GIR₃~c-	GIR₃~c
o0902930	n	2(N14)--	2(N14)
o0900089	s	AN--	AN
o0901946	s	ŠE-ŠE~a-	ŠE~a
o0902896	n	3(N05)--	3(N05)
o0903234	n	3(N57)--	3(N57)
o0900532	c	|EN₂.E₂|-|EN₂.E₂~b|-	|EN₂.E₂~b|
o0900089	s	AN--	AN
o0902898	n	5(N05)--	5(N05)
o0902918	n	4(N08)-4(N08~c)-	4(N08~c)
o0902293	s	UNUG-UNUG~a-	UNUG~a
o0903234	n	3(N57)--	3(N57)
o0900532	c	|EN₂.E₂|-|EN₂.E₂~b|-	|EN₂.E₂~b|
o0902859	n	2(N01)--	2(N01)
o0902914	n	3(N08)--	3(N08)
o0903234	n	3(N57)--	3(N57)
o0900531	c	|EN₂.E₂|-|EN₂.E₂~a|-	|EN₂.E₂~a|
o0900912	s	GU₇--	GU₇
o0902858	n	1(N01)--	1(N01)
o0901697	s	SAL--	SAL
o0903220	c	|1(N57).ŠUBUR|--	|1(N57).ŠUBUR|
o0902858	n	1(N01)--	1(N01)
o0901946	s	ŠE-ŠE~a-	ŠE~a
o0900931	s	GUKKAL-GUKKAL~c-	GUKKAL~c
o0902858	n	1(N01)--	1(N01)
o0903234	n	3(N57)--	3(N57)
o0901709	s	SANGA-SANGA~a-	SANGA~a
o0902858	n	1(N01)--	1(N01)
o0902293	s	UNUG-UNUG~a-	UNUG~a
o0901677	s	SAG--	SAG
o0900890	s	GIŠ₃-GIŠ₃~b-	GIŠ₃~b
o0902991	n	1(N20)--	1(N20)
o0902898	n	5(N05)--	5(N05)
o0902293	s	UNUG-UNUG~a-	UNUG~a
o0900806	s	GI--	GI
o0902882	n	4(N03)--	4(N03)
o0902897	n	4(N05)--	4(N05)
o0902293	s	UNUG-UNUG~a-	UNUG~a
o0902144	s	TUR@g--	TUR@g
o0900012	s	AB-AB~a-	AB~a
o0902880	n	2(N03)--	2(N03)
o0902859	n	2(N01)--	2(N01)
o0902293	s	UNUG-UNUG~a-	UNUG~a
o0902793	s	ZATU826--	ZATU826
o0901659	s	RAD-RAD~a-	RAD~a
o0902858	n	1(N01)--	1(N01)
o0901639	s	PAP-PAP~a-	PAP~a
o0901697	s	SAL--	SAL
o0900860	s	GIR₃-GIR₃~c-	GIR₃~c
o0902861	n	4(N01)--	4(N01)
o0901724	s	SI--	SI
o0901697	s	SAL--	SAL
o0901090	s	KI--	KI
o0900175	s	BU-BU~a-	BU~a
o0902859	n	2(N01)--	2(N01)
o0902914	n	3(N08)--	3(N08)
o0902094	s	TAK₄-TAK₄~a-	TAK₄~a
o0902157	s	U₂-U₂~b-	U₂~b
o0900331	s	DUG-DUG~a-	DUG~a
o0900779	s	GAR--	GAR
o0902861	n	4(N01)--	4(N01)
o0901946	s	ŠE-ŠE~a-	ŠE~a
o0900100	s	APIN-APIN~a-	APIN~a
o0903234	n	3(N57)--	3(N57)
o0901709	s	SANGA-SANGA~a-	SANGA~a
o0902858	n	1(N01)--	1(N01)
o0902909	n	1(N08)--	1(N08)
o0900089	s	AN--	AN
o0901468	s	NAM₂--	NAM₂
o0901481	s	NAR--	NAR
o0902935	n	5(N14)-5(N14)~v1-	5(N14)
o0902506	s	ZATU659--	ZATU659
o0901677	s	SAG--	SAG
o0902929	n	1(N14)--	1(N14)
o0901303	s	LIŠ--	LIŠ
o0901697	s	SAL--	SAL
o0902929	n	1(N14)--	1(N14)
o0902033	s	ŠU--	ŠU
o0900257	s	DARA₄-DARA₄~c4-	DARA₄~c4
o0902690	s	ZATU749-ZATU749~b-	ZATU749~b
o0902930	n	2(N14)--	2(N14)
o0901044	s	KAB--	KAB
o0900890	s	GIŠ₃-GIŠ₃~b-	GIŠ₃~b
o0901697	s	SAL--	SAL
o0902929	n	1(N14)--	1(N14)
o0902144	s	TUR@g--	TUR@g
o0902293	s	UNUG-UNUG~a-	UNUG~a
o0902880	n	2(N03)--	2(N03)
o0901724	s	SI--	SI
o0901670	s	RU--	RU
o0902862	n	5(N01)--	5(N01)
o0900089	s	AN--	AN
o0901946	s	ŠE-ŠE~a-	ŠE~a
o0902884	n	1(N04)--	1(N04)
o0900976	s	HI@g-HI@g~a-	HI@g~a
o0902293	s	UNUG-UNUG~a-	UNUG~a
o0900806	s	GI--	GI
o0902872	n	3(N02)--	3(N02)
o0902972	n	1(N19)--	1(N19)
o0902888	n	5(N04)--	5(N04)
o0902094	s	TAK₄-TAK₄~a-	TAK₄~a
o0902157	s	U₂-U₂~b-	U₂~b
o0900100	s	APIN-APIN~a-	APIN~a
o0902973	n	2(N19)--	2(N19)
o0900976	s	HI@g-HI@g~a-	HI@g~a
o0903234	n	3(N57)--	3(N57)
o0900532	c	|EN₂.E₂|-|EN₂.E₂~b|-	|EN₂.E₂~b|
o0902860	n	3(N01)--	3(N01)
o0902254	s	UH--	UH
o0902884	n	1(N04)--	1(N04)
o0900976	s	HI@g-HI@g~a-	HI@g~a
o0900089	s	AN--	AN
o0902972	n	1(N19)--	1(N19)
o0902293	s	UNUG-UNUG~a-	UNUG~a
o0900806	s	GI--	GI
o0902858	n	1(N01)--	1(N01)
o0901724	s	SI--	SI
o0903368	s	X--	X
o0901670	s	RU--	RU
o0901946	s	ŠE-ŠE~a-	ŠE~a
o0900175	s	BU-BU~a-	BU~a
o0902910	n	1(N08)-1(N08~b)-	1(N08~b)
o0900912	s	GU₇--	GU₇
o0903137	n	2(N45)--	2(N45)
o0902935	n	5(N14)-5(N14)~v1-	5(N14)
o0902861	n	4(N01)--	4(N01)
o0902909	n	1(N08)--	1(N08)
o0901946	s	ŠE-ŠE~a-	ŠE~a
o0900912	s	GU₇--	GU₇
o0902977	n	6(N19)--	6(N19)
o0902888	n	5(N04)--	5(N04)
o0902909	n	1(N08)--	1(N08)
o0903059	n	1(N34)--	1(N34)
o0902973	n	2(N19)--	2(N19)
o0902886	n	3(N04)--	3(N04)
o0902912	n	2(N08)--	2(N08)
o0901946	s	ŠE-ŠE~a-	ŠE~a
o0900912	s	GU₇--	GU₇
o0902139	s	TUR--	TUR
o0902863	n	6(N01)--	6(N01)
o0900513	s	EN-EN~a-	EN~a
o0902859	n	2(N01)--	2(N01)
o0901592	s	NUN-NUN~a-	NUN~a
o0902560	s	ZATU687--	ZATU687
o0900513	s	EN-EN~a-	EN~a
o0900513	s	EN-EN~a-	EN~a
o0902139	s	TUR--	TUR
o0900513	s	EN-EN~a-	EN~a
o0901639	s	PAP-PAP~a-	PAP~a
o0903234	n	3(N57)--	3(N57)
o0900778	s	GAN₂--	GAN₂
o0902861	n	4(N01)--	4(N01)
o0900513	s	EN-EN~a-	EN~a
o0903368	s	X--	X
o0901090	s	KI--	KI
o0902560	s	ZATU687--	ZATU687
o0900089	s	AN--	AN
o0900513	s	EN-EN~a-	EN~a
o0902044	c	|ŠU₂.E₂|-|ŠU₂~b.E₂~b|-	|ŠU₂.E₂~b|
o0900175	s	BU-BU~a-	BU~a
o0902033	s	ŠU--	ŠU
o0901697	s	SAL--	SAL
o0900175	s	BU-BU~a-	BU~a
o0900513	s	EN-EN~a-	EN~a
o0900960	s	HI--	HI
o0901082	s	KAŠ-KAŠ~c-	KAŠ~c
o0902290	s	UMUN₂--	UMUN₂
o0900513	s	EN-EN~a-	EN~a
o0901639	s	PAP-PAP~a-	PAP~a
o0902290	s	UMUN₂--	UMUN₂
o0901142	s	KU₃-KU₃~a-	KU₃~a
o0900960	s	HI--	HI
o0901090	s	KI--	KI
o0902858	n	1(N01)--	1(N01)
o0901082	s	KAŠ-KAŠ~c-	KAŠ~c
o0901959	c	|ŠE&ŠE|-|ŠE~a&ŠE~a|-	|ŠE~a&ŠE~a|
o0902858	n	1(N01)--	1(N01)
o0902506	s	ZATU659--	ZATU659
o0902858	n	1(N01)--	1(N01)
o0902293	s	UNUG-UNUG~a-	UNUG~a
o0901090	s	KI--	KI
o0902739	s	ZATU773-ZATU773~a-	ZATU773~a
o0902858	n	1(N01)--	1(N01)
o0900513	s	EN-EN~a-	EN~a
o0900822	c	|GI&GI|--	|GI&GI|
o0902858	n	1(N01)--	1(N01)
o0900096	s	ANŠE-ANŠE~e-	ANŠE~e
o0902243	s	UDU-UDU~a-	UDU~a
o0902858	n	1(N01)--	1(N01)
o0901030	s	KA-KA~a-	KA~a
o0901145	s	KU₆-KU₆~a-	KU₆~a
o0902858	n	1(N01)--	1(N01)
o0901724	s	SI--	SI
o0901115	s	KISAL-KISAL~b1-	KISAL~b1
o0902858	n	1(N01)--	1(N01)
o0901639	s	PAP-PAP~a-	PAP~a
o0902858	n	1(N01)--	1(N01)
o0901625	s	PA-PA~a-	PA~a
o0900115	s	BA--	BA
o0902866	n	9(N01)--	9(N01)
o0900115	s	BA--	BA
o0901870	s	SU-SU~a-	SU~a
o0901639	s	PAP-PAP~a-	PAP~a
o0900736	s	GAN-GAN~a-	GAN~a
o0902929	n	1(N14)--	1(N14)
o0901670	s	RU--	RU
o0903222	n	2(N57)--	2(N57)
o0901090	s	KI--	KI
o0902174	c	|U₄.(1(N14).5(N08))|--	|U₄.(1(N14).5(N08))|
o0902860	n	3(N01)--	3(N01)
o0903210	n	1(N57)--	1(N57)
o0902167	c	|U₄.5(N08)|--	|U₄.5(N08)|
o0902929	n	1(N14)--	1(N14)
o0902858	n	1(N01)--	1(N01)
o0903222	n	2(N57)--	2(N57)
o0902339	s	URU-URU~a1-	URU~a1
o0902174	c	|U₄.(1(N14).5(N08))|--	|U₄.(1(N14).5(N08))|
o0902864	n	7(N01)--	7(N01)
o0903222	n	2(N57)--	2(N57)
o0900154	s	BAR--	BAR
o0902169	c	|U₄.7(N08)|--	|U₄.7(N08)|
o0902858	n	1(N01)--	1(N01)
o0900269	s	DIM-DIM~a-	DIM~a
o0900224	s	DAH--	DAH
o0900485	s	DUR₂--	DUR₂
o0901962	s	ŠE₃--	ŠE₃
o0902858	n	1(N01)--	1(N01)
o0900513	s	EN-EN~a-	EN~a
o0901639	s	PAP-PAP~a-	PAP~a
o0900513	s	EN-EN~a-	EN~a
o0900089	s	AN--	AN
o0901419	s	MUŠ₃-MUŠ₃~a-	MUŠ₃~a
o0901022	s	IŠ-IŠ~b-	IŠ~b
o0900175	s	BU-BU~a-	BU~a
o0902858	n	1(N01)--	1(N01)
o0900126	s	BAHAR₂-BAHAR₂~b-	BAHAR₂~b
o0901639	s	PAP-PAP~a-	PAP~a
o0902060	s	ŠUBUR--	ŠUBUR
o0901022	s	IŠ-IŠ~b-	IŠ~b
o0900175	s	BU-BU~a-	BU~a
o0901639	s	PAP-PAP~a-	PAP~a
o0903210	n	1(N57)--	1(N57)
o0901870	s	SU-SU~a-	SU~a
o0901670	s	RU--	RU
o0901090	s	KI--	KI
o0902860	n	3(N01)--	3(N01)
o0901639	s	PAP-PAP~a-	PAP~a
o0901870	s	SU-SU~a-	SU~a
o0901670	s	RU--	RU
o0901090	s	KI--	KI
o0902859	n	2(N01)--	2(N01)
o0901426	s	MUŠEN--	MUŠEN
o0901918	s	ŠA₃-ŠA₃~a1-	ŠA₃~a1
o0900089	s	AN--	AN
o0902858	n	1(N01)--	1(N01)
o0900217	s	DA-DA~a-	DA~a
o0902157	s	U₂-U₂~b-	U₂~b
o0900089	s	AN--	AN
o0902858	n	1(N01)--	1(N01)
o0901145	s	KU₆-KU₆~a-	KU₆~a
o0900541	s	ERIM-ERIM~a-	ERIM~a
o0902858	n	1(N01)--	1(N01)
o0902790	s	ZATU823--	ZATU823
o0902858	n	1(N01)--	1(N01)
o0900958	s	HAŠHUR--	HAŠHUR
o0900000	s	A--	A
o0902858	n	1(N01)--	1(N01)
o0901468	s	NAM₂--	NAM₂
o0902858	n	1(N01)--	1(N01)
o0900920	s	GUG₂--	GUG₂
o0900000	s	A--	A
o0901521	s	NIMGIR--	NIMGIR
o0902859	n	2(N01)--	2(N01)
o0901437	s	NA-NA~a-	NA~a
o0901697	s	SAL--	SAL
o0900806	s	GI--	GI
o0902858	n	1(N01)--	1(N01)
o0902373	s	URUDU-URUDU~a-	URUDU~a
o0901614	s	NUNUZ-NUNUZ~a1-	NUNUZ~a1
o0902858	n	1(N01)--	1(N01)
o0900983	s	IB-IB~a-	IB~a
o0901516	s	NIM-NIM~a-	NIM~a
o0900089	s	AN--	AN
o0901145	s	KU₆-KU₆~a-	KU₆~a
o0903368	s	X--	X
o0902932	n	3(N14)--	3(N14)
o0901614	s	NUNUZ-NUNUZ~a1-	NUNUZ~a1
o0902858	n	1(N01)--	1(N01)
o0902243	s	UDU-UDU~a-	UDU~a
o0900139	s	BAN-BAN~b-	BAN~b
o0900313	s	DUB-DUB~b-	DUB~b
o0902858	n	1(N01)--	1(N01)
o0900513	s	EN-EN~a-	EN~a
o0902157	s	U₂-U₂~b-	U₂~b
o0900860	s	GIR₃-GIR₃~c-	GIR₃~c
o0902858	n	1(N01)--	1(N01)
o0900089	s	AN--	AN
o0900154	s	BAR--	BAR
o0901501	s	NI-NI~a-	NI~a
o0902858	n	1(N01)--	1(N01)
o0901184	s	LA₂--	LA₂
o0900920	s	GUG₂--	GUG₂
o0902858	n	1(N01)--	1(N01)
o0900617	s	GA₂-GA₂~a2-	GA₂~a2
o0901501	s	NI-NI~a-	NI~a
o0901483	s	NE-NE~a-	NE~a
o0902858	n	1(N01)--	1(N01)
o0901184	s	LA₂--	LA₂
o0901501	s	NI-NI~a-	NI~a
o0900890	s	GIŠ₃-GIŠ₃~b-	GIŠ₃~b
o0902858	n	1(N01)--	1(N01)
o0900890	s	GIŠ₃-GIŠ₃~b-	GIŠ₃~b
o0900014	s	AB-AB~b-	AB~b
o0902858	n	1(N01)--	1(N01)
o0900729	s	GAL-GAL~a-	GAL~a
o0900064	s	AL--	AL
o0902858	n	1(N01)--	1(N01)
o0901082	s	KAŠ-KAŠ~c-	KAŠ~c
o0900000	s	A--	A
o0900089	s	AN--	AN
o0902575	s	ZATU694-ZATU694~c-	ZATU694~c
o0902858	n	1(N01)--	1(N01)
o0901501	s	NI-NI~a-	NI~a
o0901437	s	NA-NA~a-	NA~a
o0902859	n	2(N01)--	2(N01)
o0901718	s	SAR-SAR~a-	SAR~a
o0902033	s	ŠU--	ŠU
o0902860	n	3(N01)--	3(N01)
o0901648	s	PIRIG-PIRIG~b1-	PIRIG~b1
o0901380	s	ME-ME~a-	ME~a
o0901771	s	SIG₇--	SIG₇
o0902858	n	1(N01)--	1(N01)
o0900334	s	DUG-DUG~b-	DUG~b
o0903368	s	X--	X
o0901501	s	NI-NI~a-	NI~a
o0902858	n	1(N01)--	1(N01)
o0901437	s	NA-NA~a-	NA~a
o0901613	s	NUNUZ-NUNUZ~a0-	NUNUZ~a0
o0901082	s	KAŠ-KAŠ~c-	KAŠ~c
o0902858	n	1(N01)--	1(N01)
o0901082	s	KAŠ-KAŠ~c-	KAŠ~c
o0901313	s	MA--	MA
o0900089	s	AN--	AN
o0902858	n	1(N01)--	1(N01)
o0901313	s	MA--	MA
o0902327	s	UR₅-UR₅~a-	UR₅~a
o0902858	n	1(N01)--	1(N01)
o0901501	s	NI-NI~a-	NI~a
o0900077	s	AMA-AMA~a-	AMA~a
o0901145	s	KU₆-KU₆~a-	KU₆~a
o0902858	n	1(N01)--	1(N01)
o0901501	s	NI-NI~a-	NI~a
o0900860	s	GIR₃-GIR₃~c-	GIR₃~c
o0902858	n	1(N01)--	1(N01)
o0900806	s	GI--	GI
o0901501	s	NI-NI~a-	NI~a
o0900992	s	IG-IG~b-	IG~b
o0902858	n	1(N01)--	1(N01)
o0902506	s	ZATU659--	ZATU659
o0902858	n	1(N01)--	1(N01)
o0901962	s	ŠE₃--	ŠE₃
o0902157	s	U₂-U₂~b-	U₂~b
o0901870	s	SU-SU~a-	SU~a
o0901648	s	PIRIG-PIRIG~b1-	PIRIG~b1
o0903059	n	1(N34)--	1(N34)
o0901501	s	NI-NI~a-	NI~a
o0901614	s	NUNUZ-NUNUZ~a1-	NUNUZ~a1
o0900089	s	AN--	AN
o0901414	s	MUNŠUB-MUNŠUB~b-	MUNŠUB~b
o0902858	n	1(N01)--	1(N01)
o0901137	s	KU-KU~b1-	KU~b1
o0901082	s	KAŠ-KAŠ~c-	KAŠ~c
o0902858	n	1(N01)--	1(N01)
o0901653	c	|PIRIG×UR₂|-|PIRIG~b1×UR₂|-	|PIRIG~b1×UR₂|
o0902859	n	2(N01)--	2(N01)
o0900089	s	AN--	AN
o0902302	s	UR-UR~a-	UR~a
o0901694	s	SAG@g--	SAG@g
o0902858	n	1(N01)--	1(N01)
o0901862	s	SILA₄-SILA₄~c-	SILA₄~c
o0902858	n	1(N01)--	1(N01)
o0902094	s	TAK₄-TAK₄~a-	TAK₄~a
o0900000	s	A--	A
o0900906	s	GU--	GU
o0902859	n	2(N01)--	2(N01)
o0900089	s	AN--	AN
o0900211	s	BUR-BUR~a-	BUR~a
o0900000	s	A--	A
o0902859	n	2(N01)--	2(N01)
o0901361	s	MAR-MAR~a-	MAR~a
o0900981	s	I--	I
o0902858	n	1(N01)--	1(N01)
o0901501	s	NI-NI~a-	NI~a
o0900064	s	AL--	AL
o0900000	s	A--	A
o0902859	n	2(N01)--	2(N01)
o0900976	s	HI@g-HI@g~a-	HI@g~a
o0903061	n	2(N34)--	2(N34)
o0900064	s	AL--	AL
o0902858	n	1(N01)--	1(N01)
o0900279	s	DU--	DU
o0900139	s	BAN-BAN~b-	BAN~b
o0902859	n	2(N01)--	2(N01)
o0900916	s	GUB₃-GUB₃~a-	GUB₃~a
o0903210	n	1(N57)--	1(N57)
o0902858	n	1(N01)--	1(N01)
o0900485	s	DUR₂--	DUR₂
o0900494	s	E₂-E₂~b-	E₂~b
o0902858	n	1(N01)--	1(N01)
o0901137	s	KU-KU~b1-	KU~b1
o0900089	s	AN--	AN
o0902858	n	1(N01)--	1(N01)
o0901361	s	MAR-MAR~a-	MAR~a
o0901426	s	MUŠEN--	MUŠEN
o0901376	s	MAŠ--	MAŠ
o0902858	n	1(N01)--	1(N01)
o0901653	c	|PIRIG×UR₂|-|PIRIG~b1×UR₂|-	|PIRIG~b1×UR₂|
o0902858	n	1(N01)--	1(N01)
o0901696	s	SAGŠU--	SAGŠU
o0900906	s	GU--	GU
o0900089	s	AN--	AN
o0902858	n	1(N01)--	1(N01)
o0901501	s	NI-NI~a-	NI~a
o0901184	s	LA₂--	LA₂
o0901414	s	MUNŠUB-MUNŠUB~b-	MUNŠUB~b
o0902858	n	1(N01)--	1(N01)
o0901426	s	MUŠEN--	MUŠEN
o0901376	s	MAŠ--	MAŠ
o0902858	n	1(N01)--	1(N01)
o0903368	s	X--	X
o0902858	n	1(N01)--	1(N01)
o0901696	s	SAGŠU--	SAGŠU
o0902858	n	1(N01)--	1(N01)
o0901376	s	MAŠ--	MAŠ
o0901082	s	KAŠ-KAŠ~c-	KAŠ~c
o0902858	n	1(N01)--	1(N01)
o0901467	s	NAM-NAM~d-	NAM~d
o0901501	s	NI-NI~a-	NI~a
o0902858	n	1(N01)--	1(N01)
o0900279	s	DU--	DU
o0900089	s	AN--	AN
o0902858	n	1(N01)--	1(N01)
o0900313	s	DUB-DUB~b-	DUB~b
o0901614	s	NUNUZ-NUNUZ~a1-	NUNUZ~a1
o0902858	n	1(N01)--	1(N01)
o0901677	s	SAG--	SAG
o0902033	s	ŠU--	ŠU
o0900806	s	GI--	GI
o0902859	n	2(N01)--	2(N01)
o0901862	s	SILA₄-SILA₄~c-	SILA₄~c
o0902862	n	5(N01)--	5(N01)
o0901501	s	NI-NI~a-	NI~a
o0901483	s	NE-NE~a-	NE~a
o0902859	n	2(N01)--	2(N01)
o0900229	s	DAR-DAR~b-	DAR~b
o0901501	s	NI-NI~a-	NI~a
o0902858	n	1(N01)--	1(N01)
o0900313	s	DUB-DUB~b-	DUB~b
o0900860	s	GIR₃-GIR₃~c-	GIR₃~c
o0902858	n	1(N01)--	1(N01)
o0901501	s	NI-NI~a-	NI~a
o0900938	s	GUM-GUM~b-	GUM~b
o0902858	n	1(N01)--	1(N01)
o0900089	s	AN--	AN
o0900906	s	GU--	GU
o0901614	s	NUNUZ-NUNUZ~a1-	NUNUZ~a1
o0902858	n	1(N01)--	1(N01)
o0901426	s	MUŠEN--	MUŠEN
o0902858	n	1(N01)--	1(N01)
o0901414	s	MUNŠUB-MUNŠUB~b-	MUNŠUB~b
o0901501	s	NI-NI~a-	NI~a
o0902859	n	2(N01)--	2(N01)
o0900053	s	AD-AD~a-	AD~a
o0901414	s	MUNŠUB-MUNŠUB~b-	MUNŠUB~b
o0902858	n	1(N01)--	1(N01)
o0900920	s	GUG₂--	GUG₂
o0901501	s	NI-NI~a-	NI~a
o0902859	n	2(N01)--	2(N01)
o0901501	s	NI-NI~a-	NI~a
o0900000	s	A--	A
o0902858	n	1(N01)--	1(N01)
o0902100	s	TAR-TAR~a-	TAR~a
o0901501	s	NI-NI~a-	NI~a
o0900064	s	AL--	AL
o0902858	n	1(N01)--	1(N01)
o0903368	s	X--	X
o0900906	s	GU--	GU
o0900229	s	DAR-DAR~b-	DAR~b
o0902858	n	1(N01)--	1(N01)
o0900279	s	DU--	DU
o0901030	s	KA-KA~a-	KA~a
o0902858	n	1(N01)--	1(N01)
o0901966	s	ŠEG₉--	ŠEG₉
o0900000	s	A--	A
o0902858	n	1(N01)--	1(N01)
o0901361	s	MAR-MAR~a-	MAR~a
o0902157	s	U₂-U₂~b-	U₂~b
o0900279	s	DU--	DU
o0902858	n	1(N01)--	1(N01)
o0901862	s	SILA₄-SILA₄~c-	SILA₄~c
o0901501	s	NI-NI~a-	NI~a
o0902858	n	1(N01)--	1(N01)
o0900217	s	DA-DA~a-	DA~a
o0901694	s	SAG@g--	SAG@g
o0902858	n	1(N01)--	1(N01)
o0903368	s	X--	X
o0901501	s	NI-NI~a-	NI~a
o0901082	s	KAŠ-KAŠ~c-	KAŠ~c
o0902858	n	1(N01)--	1(N01)
o0903368	s	X--	X
o0902858	n	1(N01)--	1(N01)
o0901082	s	KAŠ-KAŠ~c-	KAŠ~c
o0901437	s	NA-NA~a-	NA~a
o0901481	s	NAR--	NAR
o0902858	n	1(N01)--	1(N01)
o0901145	s	KU₆-KU₆~a-	KU₆~a
o0902858	n	1(N01)--	1(N01)
o0901437	s	NA-NA~a-	NA~a
o0901501	s	NI-NI~a-	NI~a
o0900313	s	DUB-DUB~b-	DUB~b
o0902858	n	1(N01)--	1(N01)
o0900126	s	BAHAR₂-BAHAR₂~b-	BAHAR₂~b
o0902858	n	1(N01)--	1(N01)
o0900729	s	GAL-GAL~a-	GAL~a
o0902858	n	1(N01)--	1(N01)
o0900906	s	GU--	GU
o0900229	s	DAR-DAR~b-	DAR~b
o0902858	n	1(N01)--	1(N01)
o0903368	s	X--	X
o0901082	s	KAŠ-KAŠ~c-	KAŠ~c
o0900217	s	DA-DA~a-	DA~a
o0902858	n	1(N01)--	1(N01)
o0902128	s	TUM-TUM~a-	TUM~a
o0900494	s	E₂-E₂~b-	E₂~b
o0902865	n	8(N01)--	8(N01)
o0901137	s	KU-KU~b1-	KU~b1
o0900000	s	A--	A
o0900089	s	AN--	AN
o0900493	s	E₂-E₂~a-	E₂~a
o0902859	n	2(N01)--	2(N01)
o0902060	s	ŠUBUR--	ŠUBUR
o0903061	n	2(N34)--	2(N34)
o0901614	s	NUNUZ-NUNUZ~a1-	NUNUZ~a1
o0900494	s	E₂-E₂~b-	E₂~b
o0901718	s	SAR-SAR~a-	SAR~a
o0902859	n	2(N01)--	2(N01)
o0902243	s	UDU-UDU~a-	UDU~a
o0902858	n	1(N01)--	1(N01)
o0902136	s	TUN₃-TUN₃~a-	TUN₃~a
o0902858	n	1(N01)--	1(N01)
o0903368	s	X--	X
o0903059	n	1(N34)--	1(N34)
o0901614	s	NUNUZ-NUNUZ~a1-	NUNUZ~a1
o0900154	s	BAR--	BAR
o0900334	s	DUG-DUG~b-	DUG~b
o0903210	n	1(N57)--	1(N57)
o0900115	s	BA--	BA
o0902858	n	1(N01)--	1(N01)
o0900493	s	E₂-E₂~a-	E₂~a
o0901724	s	SI--	SI
o0900983	s	IB-IB~a-	IB~a
o0902861	n	4(N01)--	4(N01)
o0902220	s	U₈--	U₈
o0902932	n	3(N14)--	3(N14)
o0902866	n	9(N01)--	9(N01)
o0902234	s	UD₅-UD₅~a-	UD₅~a
o0902929	n	1(N14)--	1(N14)
o0902863	n	6(N01)--	6(N01)
o0902400	s	UTUA-UTUA~a-	UTUA~a
o0902929	n	1(N14)--	1(N14)
o0902858	n	1(N01)--	1(N01)
o0902250	s	UDUNITA-UDUNITA~a-	UDUNITA~a
o0902932	n	3(N14)--	3(N14)
o0902863	n	6(N01)--	6(N01)
o0901593	s	NUN-NUN~b-	NUN~b
o0902930	n	2(N14)--	2(N14)
o0902858	n	1(N01)--	1(N01)
o0901377	s	MAŠ₂--	MAŠ₂
o0901746	s	SIG--	SIG
o0901659	s	RAD-RAD~a-	RAD~a
o0902788	s	ZATU821--	ZATU821
o0900806	s	GI--	GI
o0903061	n	2(N34)--	2(N34)
o0902864	n	7(N01)--	7(N01)
o0902243	s	UDU-UDU~a-	UDU~a
o0902858	n	1(N01)--	1(N01)
o0902136	s	TUN₃-TUN₃~a-	TUN₃~a
o0900264	s	DILMUN--	DILMUN
o0903067	n	8(N34)--	8(N34)
o0902932	n	3(N14)--	3(N14)
o0901483	s	NE-NE~a-	NE~a
o0901615	s	NUNUZ-NUNUZ~a2-	NUNUZ~a2
o0902858	n	1(N01)--	1(N01)
o0901870	s	SU-SU~a-	SU~a
o0901648	s	PIRIG-PIRIG~b1-	PIRIG~b1
o0901955	c	|ŠE.NAM₂|-|ŠE~a.NAM₂|-	|ŠE~a.NAM₂|
o0900115	s	BA--	BA
o0902858	n	1(N01)--	1(N01)
o0901472	s	NAMEŠDA--	NAMEŠDA
o0902858	n	1(N01)--	1(N01)
o0901044	s	KAB--	KAB
o0901468	s	NAM₂--	NAM₂
o0902858	n	1(N01)--	1(N01)
o0901468	s	NAM₂--	NAM₂
o0900260	s	DI--	DI
o0902858	n	1(N01)--	1(N01)
o0901468	s	NAM₂--	NAM₂
o0901468	s	NAM₂--	NAM₂
o0902858	n	1(N01)--	1(N01)
o0901468	s	NAM₂--	NAM₂
o0902339	s	URU-URU~a1-	URU~a1
o0902858	n	1(N01)--	1(N01)
o0901468	s	NAM₂--	NAM₂
o0900545	s	ERIN--	ERIN
o0902858	n	1(N01)--	1(N01)
o0900729	s	GAL-GAL~a-	GAL~a
o0902060	s	ŠUBUR--	ŠUBUR
o0902858	n	1(N01)--	1(N01)
o0901468	s	NAM₂--	NAM₂
o0900100	s	APIN-APIN~a-	APIN~a
o0902858	n	1(N01)--	1(N01)
o0901955	c	|ŠE.NAM₂|-|ŠE~a.NAM₂|-	|ŠE~a.NAM₂|
o0902858	n	1(N01)--	1(N01)
o0901625	s	PA-PA~a-	PA~a
o0901468	s	NAM₂--	NAM₂
o0901664	s	RAD@t-RAD~a@t-	RAD~a@t
o0902858	n	1(N01)--	1(N01)
o0900012	s	AB-AB~a-	AB~a
o0901380	s	ME-ME~a-	ME~a
o0902858	n	1(N01)--	1(N01)
o0900729	s	GAL-GAL~a-	GAL~a
o0903281	c	|1(N58).BAD|--	|1(N58).BAD~a|
o0902858	n	1(N01)--	1(N01)
o0900517	s	EN-EN~b-	EN~b
o0900983	s	IB-IB~a-	IB~a
o0902858	n	1(N01)--	1(N01)
o0900729	s	GAL-GAL~a-	GAL~a
o0902004	s	ŠITA-ŠITA~a1-	ŠITA~a1
o0902858	n	1(N01)--	1(N01)
o0900047	s	ABGAL--	ABGAL
o0902858	n	1(N01)--	1(N01)
o0901109	s	KINGAL--	KINGAL
o0902858	n	1(N01)--	1(N01)
o0900729	s	GAL-GAL~a-	GAL~a
o0902102	s	TE--	TE
o0902858	n	1(N01)--	1(N01)
o0901887	s	SUKKAL--	SUKKAL
o0900729	s	GAL-GAL~a-	GAL~a
o0902858	n	1(N01)--	1(N01)
o0900724	s	GADA-GADA~a-	GADA~a
o0900729	s	GAL-GAL~a-	GAL~a
o0902858	n	1(N01)--	1(N01)
o0900599	s	GA-GA~a-	GA~a
o0900729	s	GAL-GAL~a-	GAL~a
o0902858	n	1(N01)--	1(N01)
o0901757	s	SIG₂-SIG₂~b-	SIG₂~b
o0900599	s	GA-GA~a-	GA~a
o0902858	n	1(N01)--	1(N01)
o0900729	s	GAL-GAL~a-	GAL~a
o0901120	s	KISAL@t-KISAL~b2@t-	KISAL~b2@t
o0902858	n	1(N01)--	1(N01)
o0900729	s	GAL-GAL~a-	GAL~a
o0901516	s	NIM-NIM~a-	NIM~a
o0902858	n	1(N01)--	1(N01)
o0900729	s	GAL-GAL~a-	GAL~a
o0901860	s	SILA₄-SILA₄~a-	SILA₄~a
o0902858	n	1(N01)--	1(N01)
o0901926	s	ŠAB-ŠAB~a-	ŠAB~a
o0902858	n	1(N01)--	1(N01)
o0900729	s	GAL-GAL~a-	GAL~a
o0902932	n	3(N14)--	3(N14)
o0902863	n	6(N01)--	6(N01)
o0901471	s	NAM₂@t--	NAM₂@t
o0900130	s	BALA-BALA~a-	BALA~a
o0902858	n	1(N01)--	1(N01)
o0901472	s	NAMEŠDA--	NAMEŠDA
o0902858	n	1(N01)--	1(N01)
o0901468	s	NAM₂--	NAM₂
o0901044	s	KAB--	KAB
o0902858	n	1(N01)--	1(N01)
o0901468	s	NAM₂--	NAM₂
o0900260	s	DI--	DI
o0902858	n	1(N01)--	1(N01)
o0901468	s	NAM₂--	NAM₂
o0901468	s	NAM₂--	NAM₂
o0902858	n	1(N01)--	1(N01)
o0901468	s	NAM₂--	NAM₂
o0902339	s	URU-URU~a1-	URU~a1
o0902858	n	1(N01)--	1(N01)
o0901468	s	NAM₂--	NAM₂
o0900545	s	ERIN--	ERIN
o0902858	n	1(N01)--	1(N01)
o0900729	s	GAL-GAL~a-	GAL~a
o0902060	s	ŠUBUR--	ŠUBUR
o0902858	n	1(N01)--	1(N01)
o0901468	s	NAM₂--	NAM₂
o0900100	s	APIN-APIN~a-	APIN~a
o0902858	n	1(N01)--	1(N01)
o0901955	c	|ŠE.NAM₂|-|ŠE~a.NAM₂|-	|ŠE~a.NAM₂|
o0902858	n	1(N01)--	1(N01)
o0901468	s	NAM₂--	NAM₂
o0901659	s	RAD-RAD~a-	RAD~a
o0901625	s	PA-PA~a-	PA~a
o0902858	n	1(N01)--	1(N01)
o0900012	s	AB-AB~a-	AB~a
o0901380	s	ME-ME~a-	ME~a
o0902858	n	1(N01)--	1(N01)
o0900729	s	GAL-GAL~a-	GAL~a
o0903281	c	|1(N58).BAD|--	|1(N58).BAD~a|
o0902858	n	1(N01)--	1(N01)
o0900513	s	EN-EN~a-	EN~a
o0900983	s	IB-IB~a-	IB~a
o0902858	n	1(N01)--	1(N01)
o0900729	s	GAL-GAL~a-	GAL~a
o0902004	s	ŠITA-ŠITA~a1-	ŠITA~a1
o0902858	n	1(N01)--	1(N01)
o0900047	s	ABGAL--	ABGAL
o0902858	n	1(N01)--	1(N01)
o0901109	s	KINGAL--	KINGAL
o0902858	n	1(N01)--	1(N01)
o0900729	s	GAL-GAL~a-	GAL~a
o0902102	s	TE--	TE
o0902858	n	1(N01)--	1(N01)
o0900729	s	GAL-GAL~a-	GAL~a
o0901887	s	SUKKAL--	SUKKAL
o0902858	n	1(N01)--	1(N01)
o0900724	s	GADA-GADA~a-	GADA~a
o0901887	s	SUKKAL--	SUKKAL
o0902858	n	1(N01)--	1(N01)
o0900729	s	GAL-GAL~a-	GAL~a
o0900599	s	GA-GA~a-	GA~a
o0902858	n	1(N01)--	1(N01)
o0901757	s	SIG₂-SIG₂~b-	SIG₂~b
o0900599	s	GA-GA~a-	GA~a
o0902858	n	1(N01)--	1(N01)
o0900729	s	GAL-GAL~a-	GAL~a
o0901115	s	KISAL-KISAL~b1-	KISAL~b1
o0902858	n	1(N01)--	1(N01)
o0900729	s	GAL-GAL~a-	GAL~a
o0901516	s	NIM-NIM~a-	NIM~a
o0902858	n	1(N01)--	1(N01)
o0900729	s	GAL-GAL~a-	GAL~a
o0901860	s	SILA₄-SILA₄~a-	SILA₄~a
o0902858	n	1(N01)--	1(N01)
o0901926	s	ŠAB-ŠAB~a-	ŠAB~a
o0900729	s	GAL-GAL~a-	GAL~a
o0902858	n	1(N01)--	1(N01)
o0901926	s	ŠAB-ŠAB~a-	ŠAB~a
o0900175	s	BU-BU~a-	BU~a
o0902858	n	1(N01)--	1(N01)
o0900729	s	GAL-GAL~a-	GAL~a
o0901493	s	NESAG₂-NESAG₂~a-	NESAG₂~a
o0902858	n	1(N01)--	1(N01)
o0900729	s	GAL-GAL~a-	GAL~a
o0902146	s	TUR₃-TUR₃~a-	TUR₃~a
o0902858	n	1(N01)--	1(N01)
o0900729	s	GAL-GAL~a-	GAL~a
o0902290	s	UMUN₂--	UMUN₂
o0902858	n	1(N01)--	1(N01)
o0900545	s	ERIN--	ERIN
o0902290	s	UMUN₂--	UMUN₂
o0902858	n	1(N01)--	1(N01)
o0901709	s	SANGA-SANGA~a-	SANGA~a
o0902290	s	UMUN₂--	UMUN₂
o0902858	n	1(N01)--	1(N01)
o0902290	s	UMUN₂--	UMUN₂
o0901142	s	KU₃-KU₃~a-	KU₃~a
o0902858	n	1(N01)--	1(N01)
o0902290	s	UMUN₂--	UMUN₂
o0901380	s	ME-ME~a-	ME~a
o0901142	s	KU₃-KU₃~a-	KU₃~a
o0902858	n	1(N01)--	1(N01)
o0902858	n	1(N01)--	1(N01)
o0902858	n	1(N01)--	1(N01)
o0901000	s	IM-IM~a-	IM~a
o0902139	s	TUR--	TUR
o0902858	n	1(N01)--	1(N01)
o0901910	s	ŠA--	ŠA
o0900729	s	GAL-GAL~a-	GAL~a
o0902858	n	1(N01)--	1(N01)
o0900729	s	GAL-GAL~a-	GAL~a
o0902744	s	ZATU776--	ZATU776
o0902858	n	1(N01)--	1(N01)
o0900729	s	GAL-GAL~a-	GAL~a
o0902083	s	TAG-TAG~a1-	TAG~a1
o0902858	n	1(N01)--	1(N01)
o0901709	s	SANGA-SANGA~a-	SANGA~a
o0902671	c	|ZATU737~v3×SAL|--	|ZATU737×SAL|
o0902858	n	1(N01)--	1(N01)
o0900729	s	GAL-GAL~a-	GAL~a
o0902658	c	|ZATU737×DI|--	|ZATU737×DI|
o0902933	n	4(N14)--	4(N14)
o0902858	n	1(N01)--	1(N01)
o0901468	s	NAM₂--	NAM₂
o0900779	s	GAR--	GAR
o0901709	s	SANGA-SANGA~a-	SANGA~a
o0900077	s	AMA-AMA~a-	AMA~a
o0902858	n	1(N01)--	1(N01)
o0902858	n	1(N01)--	1(N01)
o0901044	s	KAB--	KAB
o0902858	n	1(N01)--	1(N01)
o0901468	s	NAM₂--	NAM₂
o0900260	s	DI--	DI
o0902858	n	1(N01)--	1(N01)
o0901468	s	NAM₂--	NAM₂
o0901468	s	NAM₂--	NAM₂
o0902858	n	1(N01)--	1(N01)
o0901468	s	NAM₂--	NAM₂
o0902339	s	URU-URU~a1-	URU~a1
o0902858	n	1(N01)--	1(N01)
o0901468	s	NAM₂--	NAM₂
o0900545	s	ERIN--	ERIN
o0902858	n	1(N01)--	1(N01)
o0900729	s	GAL-GAL~a-	GAL~a
o0902060	s	ŠUBUR--	ŠUBUR
o0902858	n	1(N01)--	1(N01)
o0901468	s	NAM₂--	NAM₂
o0900100	s	APIN-APIN~a-	APIN~a
o0902858	n	1(N01)--	1(N01)
o0901955	c	|ŠE.NAM₂|-|ŠE~a.NAM₂|-	|ŠE~a.NAM₂|
o0902858	n	1(N01)--	1(N01)
o0901468	s	NAM₂--	NAM₂
o0901659	s	RAD-RAD~a-	RAD~a
o0901625	s	PA-PA~a-	PA~a
o0902858	n	1(N01)--	1(N01)
o0900012	s	AB-AB~a-	AB~a
o0901380	s	ME-ME~a-	ME~a
o0902858	n	1(N01)--	1(N01)
o0900729	s	GAL-GAL~a-	GAL~a
o0903281	c	|1(N58).BAD|--	|1(N58).BAD~a|
o0902858	n	1(N01)--	1(N01)
o0900513	s	EN-EN~a-	EN~a
o0900983	s	IB-IB~a-	IB~a
o0902858	n	1(N01)--	1(N01)
o0900729	s	GAL-GAL~a-	GAL~a
o0902004	s	ŠITA-ŠITA~a1-	ŠITA~a1
o0902858	n	1(N01)--	1(N01)
o0900047	s	ABGAL--	ABGAL
o0902858	n	1(N01)--	1(N01)
o0901109	s	KINGAL--	KINGAL
o0902858	n	1(N01)--	1(N01)
o0900729	s	GAL-GAL~a-	GAL~a
o0902102	s	TE--	TE
o0902858	n	1(N01)--	1(N01)
o0900729	s	GAL-GAL~a-	GAL~a
o0901887	s	SUKKAL--	SUKKAL
o0902858	n	1(N01)--	1(N01)
o0900724	s	GADA-GADA~a-	GADA~a
o0901887	s	SUKKAL--	SUKKAL
o0902858	n	1(N01)--	1(N01)
o0900729	s	GAL-GAL~a-	GAL~a
o0900599	s	GA-GA~a-	GA~a
o0902858	n	1(N01)--	1(N01)
o0901757	s	SIG₂-SIG₂~b-	SIG₂~b
o0900599	s	GA-GA~a-	GA~a
o0902858	n	1(N01)--	1(N01)
o0900729	s	GAL-GAL~a-	GAL~a
o0901115	s	KISAL-KISAL~b1-	KISAL~b1
o0902858	n	1(N01)--	1(N01)
o0900729	s	GAL-GAL~a-	GAL~a
o0901516	s	NIM-NIM~a-	NIM~a
o0902858	n	1(N01)--	1(N01)
o0900729	s	GAL-GAL~a-	GAL~a
o0901860	s	SILA₄-SILA₄~a-	SILA₄~a
o0902858	n	1(N01)--	1(N01)
o0901926	s	ŠAB-ŠAB~a-	ŠAB~a
o0900729	s	GAL-GAL~a-	GAL~a
o0902858	n	1(N01)--	1(N01)
o0901926	s	ŠAB-ŠAB~a-	ŠAB~a
o0900175	s	BU-BU~a-	BU~a
o0902858	n	1(N01)--	1(N01)
o0900729	s	GAL-GAL~a-	GAL~a
o0901493	s	NESAG₂-NESAG₂~a-	NESAG₂~a
o0902858	n	1(N01)--	1(N01)
o0900729	s	GAL-GAL~a-	GAL~a
o0902146	s	TUR₃-TUR₃~a-	TUR₃~a
o0902858	n	1(N01)--	1(N01)
o0900729	s	GAL-GAL~a-	GAL~a
o0902290	s	UMUN₂--	UMUN₂
o0902858	n	1(N01)--	1(N01)
o0900545	s	ERIN--	ERIN
o0902290	s	UMUN₂--	UMUN₂
o0902858	n	1(N01)--	1(N01)
o0901709	s	SANGA-SANGA~a-	SANGA~a
o0902290	s	UMUN₂--	UMUN₂
o0902858	n	1(N01)--	1(N01)
o0902290	s	UMUN₂--	UMUN₂
o0901142	s	KU₃-KU₃~a-	KU₃~a
o0902858	n	1(N01)--	1(N01)
o0901380	s	ME-ME~a-	ME~a
o0902290	s	UMUN₂--	UMUN₂
o0901142	s	KU₃-KU₃~a-	KU₃~a
o0902858	n	1(N01)--	1(N01)
o0900729	s	GAL-GAL~a-	GAL~a
o0900062	s	AK-AK~a-	AK~a
o0902858	n	1(N01)--	1(N01)
o0900729	s	GAL-GAL~a-	GAL~a
o0901000	s	IM-IM~a-	IM~a
o0902858	n	1(N01)--	1(N01)
o0901000	s	IM-IM~a-	IM~a
o0902139	s	TUR--	TUR
o0902858	n	1(N01)--	1(N01)
o0900729	s	GAL-GAL~a-	GAL~a
o0901910	s	ŠA--	ŠA
o0902858	n	1(N01)--	1(N01)
o0900729	s	GAL-GAL~a-	GAL~a
o0901142	s	KU₃-KU₃~a-	KU₃~a
o0902858	n	1(N01)--	1(N01)
o0900729	s	GAL-GAL~a-	GAL~a
o0902084	s	TAG-TAG~a2-	TAG~a2
o0902858	n	1(N01)--	1(N01)
o0900729	s	GAL-GAL~a-	GAL~a
o0902671	c	|ZATU737~v3×SAL|--	|ZATU737×SAL|
o0902858	n	1(N01)--	1(N01)
o0902933	n	4(N14)--	4(N14)
o0902858	n	1(N01)--	1(N01)
o0901468	s	NAM₂--	NAM₂
o0900779	s	GAR--	GAR
o0900077	s	AMA-AMA~a-	AMA~a
o0901709	s	SANGA-SANGA~a-	SANGA~a
o0902858	n	1(N01)--	1(N01)
o0901472	s	NAMEŠDA--	NAMEŠDA
o0902858	n	1(N01)--	1(N01)
o0901468	s	NAM₂--	NAM₂
o0901044	s	KAB--	KAB
o0902858	n	1(N01)--	1(N01)
o0901468	s	NAM₂--	NAM₂
o0900260	s	DI--	DI
o0902858	n	1(N01)--	1(N01)
o0901468	s	NAM₂--	NAM₂
o0901468	s	NAM₂--	NAM₂
o0902858	n	1(N01)--	1(N01)
o0901468	s	NAM₂--	NAM₂
o0902339	s	URU-URU~a1-	URU~a1
o0902858	n	1(N01)--	1(N01)
o0901468	s	NAM₂--	NAM₂
o0900545	s	ERIN--	ERIN
o0902858	n	1(N01)--	1(N01)
o0900729	s	GAL-GAL~a-	GAL~a
o0902060	s	ŠUBUR--	ŠUBUR
o0902858	n	1(N01)--	1(N01)
o0901468	s	NAM₂--	NAM₂
o0900100	s	APIN-APIN~a-	APIN~a
o0902858	n	1(N01)--	1(N01)
o0901955	c	|ŠE.NAM₂|-|ŠE~a.NAM₂|-	|ŠE~a.NAM₂|
o0902858	n	1(N01)--	1(N01)
o0901468	s	NAM₂--	NAM₂
o0901625	s	PA-PA~a-	PA~a
o0901659	s	RAD-RAD~a-	RAD~a
o0902858	n	1(N01)--	1(N01)
o0900012	s	AB-AB~a-	AB~a
o0901380	s	ME-ME~a-	ME~a
o0902858	n	1(N01)--	1(N01)
o0900729	s	GAL-GAL~a-	GAL~a
o0903281	c	|1(N58).BAD|--	|1(N58).BAD~a|
o0902858	n	1(N01)--	1(N01)
o0900513	s	EN-EN~a-	EN~a
o0900983	s	IB-IB~a-	IB~a
o0902858	n	1(N01)--	1(N01)
o0900729	s	GAL-GAL~a-	GAL~a
o0902004	s	ŠITA-ŠITA~a1-	ŠITA~a1
o0902858	n	1(N01)--	1(N01)
o0900047	s	ABGAL--	ABGAL
o0902858	n	1(N01)--	1(N01)
o0901109	s	KINGAL--	KINGAL
o0902858	n	1(N01)--	1(N01)
o0900729	s	GAL-GAL~a-	GAL~a
o0902102	s	TE--	TE
o0902858	n	1(N01)--	1(N01)
o0900729	s	GAL-GAL~a-	GAL~a
o0901887	s	SUKKAL--	SUKKAL
o0902858	n	1(N01)--	1(N01)
o0900724	s	GADA-GADA~a-	GADA~a
o0901887	s	SUKKAL--	SUKKAL
o0902858	n	1(N01)--	1(N01)
o0900729	s	GAL-GAL~a-	GAL~a
o0900599	s	GA-GA~a-	GA~a
o0902858	n	1(N01)--	1(N01)
o0901757	s	SIG₂-SIG₂~b-	SIG₂~b
o0900599	s	GA-GA~a-	GA~a
o0902858	n	1(N01)--	1(N01)
o0900729	s	GAL-GAL~a-	GAL~a
o0901115	s	KISAL-KISAL~b1-	KISAL~b1
o0902858	n	1(N01)--	1(N01)
o0900729	s	GAL-GAL~a-	GAL~a
o0901516	s	NIM-NIM~a-	NIM~a
o0902858	n	1(N01)--	1(N01)
o0900729	s	GAL-GAL~a-	GAL~a
o0901860	s	SILA₄-SILA₄~a-	SILA₄~a
o0902858	n	1(N01)--	1(N01)
o0900729	s	GAL-GAL~a-	GAL~a
o0901926	s	ŠAB-ŠAB~a-	ŠAB~a
o0902858	n	1(N01)--	1(N01)
o0900175	s	BU-BU~a-	BU~a
o0901926	s	ŠAB-ŠAB~a-	ŠAB~a
o0902858	n	1(N01)--	1(N01)
o0900729	s	GAL-GAL~a-	GAL~a
o0901493	s	NESAG₂-NESAG₂~a-	NESAG₂~a
o0902858	n	1(N01)--	1(N01)
o0900729	s	GAL-GAL~a-	GAL~a
o0902146	s	TUR₃-TUR₃~a-	TUR₃~a
o0902858	n	1(N01)--	1(N01)
o0902290	s	UMUN₂--	UMUN₂
o0900729	s	GAL-GAL~a-	GAL~a
o0902858	n	1(N01)--	1(N01)
o0902290	s	UMUN₂--	UMUN₂
o0900545	s	ERIN--	ERIN
o0902858	n	1(N01)--	1(N01)
o0902290	s	UMUN₂--	UMUN₂
o0901709	s	SANGA-SANGA~a-	SANGA~a
o0902858	n	1(N01)--	1(N01)
o0902290	s	UMUN₂--	UMUN₂
o0901142	s	KU₃-KU₃~a-	KU₃~a
o0902858	n	1(N01)--	1(N01)
o0902290	s	UMUN₂--	UMUN₂
o0900154	s	BAR--	BAR
o0901142	s	KU₃-KU₃~a-	KU₃~a
o0902858	n	1(N01)--	1(N01)
o0900729	s	GAL-GAL~a-	GAL~a
o0900062	s	AK-AK~a-	AK~a
o0902858	n	1(N01)--	1(N01)
o0901000	s	IM-IM~a-	IM~a
o0900729	s	GAL-GAL~a-	GAL~a
o0902858	n	1(N01)--	1(N01)
o0901000	s	IM-IM~a-	IM~a
o0902139	s	TUR--	TUR
o0902858	n	1(N01)--	1(N01)
o0900729	s	GAL-GAL~a-	GAL~a
o0901910	s	ŠA--	ŠA
o0902858	n	1(N01)--	1(N01)
o0900729	s	GAL-GAL~a-	GAL~a
o0900545	s	ERIN--	ERIN
o0902858	n	1(N01)--	1(N01)
o0900729	s	GAL-GAL~a-	GAL~a
o0902084	s	TAG-TAG~a2-	TAG~a2
o0902858	n	1(N01)--	1(N01)
o0901709	s	SANGA-SANGA~a-	SANGA~a
o0902671	c	|ZATU737~v3×SAL|--	|ZATU737×SAL|
o0902858	n	1(N01)--	1(N01)
o0902683	c	|ZATU737~v2×X|--	|ZATU737×X|
o0902933	n	4(N14)--	4(N14)
o0902858	n	1(N01)--	1(N01)
o0901468	s	NAM₂--	NAM₂
o0900779	s	GAR--	GAR
o0901709	s	SANGA-SANGA~a-	SANGA~a
o0900077	s	AMA-AMA~a-	AMA~a
o0902858	n	1(N01)--	1(N01)
o0900513	s	EN-EN~a-	EN~a
o0902858	n	1(N01)--	1(N01)
o0902339	s	URU-URU~a1-	URU~a1
o0901304	s	LU₂--	LU₂
o0902858	n	1(N01)--	1(N01)
o0900890	s	GIŠ₃-GIŠ₃~b-	GIŠ₃~b
o0902302	s	UR-UR~a-	UR~a
o0902858	n	1(N01)--	1(N01)
o0901414	s	MUNŠUB-MUNŠUB~b-	MUNŠUB~b
o0901137	s	KU-KU~b1-	KU~b1
o0902858	n	1(N01)--	1(N01)
o0902157	s	U₂-U₂~b-	U₂~b
o0901677	s	SAG--	SAG
o0902858	n	1(N01)--	1(N01)
o0902786	s	ZATU819--	ZATU819
o0902858	n	1(N01)--	1(N01)
o0902102	s	TE--	TE
o0902060	s	ŠUBUR--	ŠUBUR
o0902858	n	1(N01)--	1(N01)
o0902506	s	ZATU659--	ZATU659
o0901186	s	LAGAB-LAGAB~a-	LAGAB~a
o0902858	n	1(N01)--	1(N01)
o0903234	n	3(N57)--	3(N57)
o0900531	c	|EN₂.E₂|-|EN₂.E₂~a|-	|EN₂.E₂~a|
o0902858	n	1(N01)--	1(N01)
o0900860	s	GIR₃-GIR₃~c-	GIR₃~c
o0902858	n	1(N01)--	1(N01)
o0900729	s	GAL-GAL~a-	GAL~a
o0900599	s	GA-GA~a-	GA~a
o0902859	n	2(N01)--	2(N01)
o0900260	s	DI--	DI
o0901659	s	RAD-RAD~a-	RAD~a
o0902858	n	1(N01)--	1(N01)
o0901709	s	SANGA-SANGA~a-	SANGA~a
o0900729	s	GAL-GAL~a-	GAL~a
o0902858	n	1(N01)--	1(N01)
o0901746	s	SIG--	SIG
o0901524	s	NIN--	NIN
o0902859	n	2(N01)--	2(N01)
o0900487	s	E-E~a-	E~a
o0902858	n	1(N01)--	1(N01)
o0902293	s	UNUG-UNUG~a-	UNUG~a
o0901697	s	SAL--	SAL
o0901262	s	LAGAR-LAGAR~a-	LAGAR~a
o0902858	n	1(N01)--	1(N01)
o0900513	s	EN-EN~a-	EN~a
o0900871	s	GIR₃@g-GIR₃@g~c-	GIR₃@g~c
o0900100	s	APIN-APIN~a-	APIN~a
o0902858	n	1(N01)--	1(N01)
o0901955	c	|ŠE.NAM₂|-|ŠE~a.NAM₂|-	|ŠE~a.NAM₂|
o0902930	n	2(N14)--	2(N14)
o0900312	s	DUB-DUB~a-	DUB~a
o0901187	s	LAGAB-LAGAB~b-	LAGAB~b
o0902860	n	3(N01)--	3(N01)
o0900115	s	BA--	BA
o0901426	s	MUŠEN--	MUŠEN
o0900513	s	EN-EN~a-	EN~a
o0902884	n	1(N04)--	1(N04)
o0900513	s	EN-EN~a-	EN~a
o0901618	s	NUNUZ-NUNUZ~c-	NUNUZ~c
o0902864	n	7(N01)--	7(N01)
o0900806	s	GI--	GI
o0902506	s	ZATU659--	ZATU659
o0900101	s	APIN-APIN~b-	APIN~b
o0902506	s	ZATU659--	ZATU659
o0900513	s	EN-EN~a-	EN~a
o0900883	c	|GIŠ×ŠU₂|-|GIŠ×ŠU₂~a|-	|GIŠ×ŠU₂~a|
o0902139	s	TUR--	TUR
o0902033	s	ŠU--	ŠU
o0901918	s	ŠA₃-ŠA₃~a1-	ŠA₃~a1
o0900829	s	GI₄-GI₄~a-	GI₄~a
o0901521	s	NIMGIR--	NIMGIR
o0902860	n	3(N01)--	3(N01)
o0901625	s	PA-PA~a-	PA~a
o0901142	s	KU₃-KU₃~a-	KU₃~a
o0900000	s	A--	A
o0900890	s	GIŠ₃-GIŠ₃~b-	GIŠ₃~b
o0902302	s	UR-UR~a-	UR~a
o0902220	s	U₈--	U₈
o0901380	s	ME-ME~a-	ME~a
o0901082	s	KAŠ-KAŠ~c-	KAŠ~c
o0901426	s	MUŠEN--	MUŠEN
o0900806	s	GI--	GI
o0902859	n	2(N01)--	2(N01)
o0900513	s	EN-EN~a-	EN~a
o0900806	s	GI--	GI
o0901930	s	ŠAGAN--	ŠAGAN
o0900291	s	DU₇--	DU₇
o0902558	s	ZATU686-ZATU686~b-	ZATU686~b
o0901918	s	ŠA₃-ŠA₃~a1-	ŠA₃~a1
o0900000	s	A--	A
o0902094	s	TAK₄-TAK₄~a-	TAK₄~a
o0902858	n	1(N01)--	1(N01)
o0901407	s	MUN-MUN~a1-	MUN~a1
o0901142	s	KU₃-KU₃~a-	KU₃~a
o0900493	s	E₂-E₂~a-	E₂~a
o0900875	s	GIŠ--	GIŠ
o0900089	s	AN--	AN
o0902739	s	ZATU773-ZATU773~a-	ZATU773~a
o0902858	n	1(N01)--	1(N01)
o0901592	s	NUN-NUN~a-	NUN~a
o0901392	s	MU--	MU
o0901325	s	MAH-MAH~a-	MAH~a
o0900513	s	EN-EN~a-	EN~a
o0900616	s	GA₂-GA₂~a1-	GA₂~a1
o0900906	s	GU--	GU
o0902858	n	1(N01)--	1(N01)
o0901062	s	KALAM-KALAM~a-	KALAM~a
o0902033	s	ŠU--	ŠU
o0902060	s	ŠUBUR--	ŠUBUR
o0902859	n	2(N01)--	2(N01)
o0901724	s	SI--	SI
o0901592	s	NUN-NUN~a-	NUN~a
o0901625	s	PA-PA~a-	PA~a
o0900012	s	AB-AB~a-	AB~a
o0901145	s	KU₆-KU₆~a-	KU₆~a
o0901437	s	NA-NA~a-	NA~a
o0901426	s	MUŠEN--	MUŠEN
o0900806	s	GI--	GI
o0902858	n	1(N01)--	1(N01)
o0902157	s	U₂-U₂~b-	U₂~b
o0900000	s	A--	A
o0900513	s	EN-EN~a-	EN~a
o0902589	s	ZATU697-ZATU697~c-	ZATU697~c
o0902874	n	5(N02)--	5(N02)
o0900205	s	BU₃--	BU₃
o0900485	s	DUR₂--	DUR₂
o0900000	s	A--	A
o0901075	s	KASKAL--	KASKAL
o0902060	s	ŠUBUR--	ŠUBUR
o0901082	s	KAŠ-KAŠ~c-	KAŠ~c
o0903368	s	X--	X
o0900513	s	EN-EN~a-	EN~a
o0901677	s	SAG--	SAG
o0903368	s	X--	X
o0900513	s	EN-EN~a-	EN~a
o0902859	n	2(N01)--	2(N01)
o0900115	s	BA--	BA
o0901082	s	KAŠ-KAŠ~c-	KAŠ~c
o0901380	s	ME-ME~a-	ME~a
o0902859	n	2(N01)--	2(N01)
o0900806	s	GI--	GI
o0900175	s	BU-BU~a-	BU~a
o0901639	s	PAP-PAP~a-	PAP~a
o0903234	n	3(N57)--	3(N57)
o0901670	s	RU--	RU
o0902858	n	1(N01)--	1(N01)
o0902116	s	TUG₂-TUG₂~a-	TUG₂~a
o0901584	s	NU--	NU
o0901848	c	|SILA₃×ŠU₂|-|SILA₃~a×ŠU₂~b|-	|SILA₃~a×ŠU₂|
o0900000	s	A--	A
o0900139	s	BAN-BAN~b-	BAN~b
o0901639	s	PAP-PAP~a-	PAP~a
o0902869	n	1(N02)--	1(N02)
o0900513	s	EN-EN~a-	EN~a
o0901639	s	PAP-PAP~a-	PAP~a
o0903210	n	1(N57)--	1(N57)
o0901746	s	SIG--	SIG
o0901659	s	RAD-RAD~a-	RAD~a
o0902930	n	2(N14)--	2(N14)
o0902863	n	6(N01)--	6(N01)
o0903222	n	2(N57)--	2(N57)
o0902860	n	3(N01)--	3(N01)
o0900115	s	BA--	BA
o0902864	n	7(N01)--	7(N01)
o0900806	s	GI--	GI
o0902929	n	1(N14)--	1(N14)
o0902858	n	1(N01)--	1(N01)
o0900513	s	EN-EN~a-	EN~a
o0902874	n	5(N02)--	5(N02)
o0902863	n	6(N01)--	6(N01)
o0903210	n	1(N57)--	1(N57)
o0902859	n	2(N01)--	2(N01)
o0900115	s	BA--	BA
o0902859	n	2(N01)--	2(N01)
o0900806	s	GI--	GI
o0902858	n	1(N01)--	1(N01)
o0901142	s	KU₃-KU₃~a-	KU₃~a
o0900493	s	E₂-E₂~a-	E₂~a
o0902869	n	1(N02)--	1(N02)
o0902862	n	5(N01)--	5(N01)
o0900115	s	BA--	BA
o0902866	n	9(N01)--	9(N01)
o0900806	s	GI--	GI
o0902929	n	1(N14)--	1(N14)
o0902858	n	1(N01)--	1(N01)
o0900513	s	EN-EN~a-	EN~a
o0902858	n	1(N01)--	1(N01)
o0901142	s	KU₃-KU₃~a-	KU₃~a
o0900493	s	E₂-E₂~a-	E₂~a
o0902875	n	6(N02)--	6(N02)
o0902932	n	3(N14)--	3(N14)
o0902859	n	2(N01)--	2(N01)
o0903210	n	1(N57)--	1(N57)
o0903222	n	2(N57)--	2(N57)
o0901407	s	MUN-MUN~a1-	MUN~a1
o0900279	s	DU--	DU
o0902102	s	TE--	TE
o0901746	s	SIG--	SIG
o0901659	s	RAD-RAD~a-	RAD~a
o0902861	n	4(N01)--	4(N01)
o0900513	s	EN-EN~a-	EN~a
o0902763	s	ZATU795--	ZATU795
o0901426	s	MUŠEN--	MUŠEN
o0902506	s	ZATU659--	ZATU659
o0901052	s	KAK-KAK~a-	KAK~a
o0900012	s	AB-AB~a-	AB~a
o0900513	s	EN-EN~a-	EN~a
o0900617	s	GA₂-GA₂~a2-	GA₂~a2
o0902864	n	7(N01)--	7(N01)
o0901697	s	SAL--	SAL
o0902763	s	ZATU795--	ZATU795
o0902860	n	3(N01)--	3(N01)
o0900513	s	EN-EN~a-	EN~a
o0900089	s	AN--	AN
o0901380	s	ME-ME~a-	ME~a
o0900487	s	E-E~a-	E~a
o0902506	s	ZATU659--	ZATU659
o0902862	n	5(N01)--	5(N01)
o0901697	s	SAL--	SAL
o0902060	s	ŠUBUR--	ŠUBUR
o0901392	s	MU--	MU
o0902859	n	2(N01)--	2(N01)
o0902400	s	UTUA-UTUA~a-	UTUA~a
o0902861	n	4(N01)--	4(N01)
o0902250	s	UDUNITA-UDUNITA~a-	UDUNITA~a
o0902859	n	2(N01)--	2(N01)
o0901593	s	NUN-NUN~b-	NUN~b
o0902874	n	5(N02)--	5(N02)
o0901377	s	MAŠ₂--	MAŠ₂
o0902869	n	1(N02)--	1(N02)
o0902220	s	U₈--	U₈
o0902859	n	2(N01)--	2(N01)
o0902234	s	UD₅-UD₅~a-	UD₅~a
o0902858	n	1(N01)--	1(N01)
o0901593	s	NUN-NUN~b-	NUN~b
o0902929	n	1(N14)--	1(N14)
o0902863	n	6(N01)--	6(N01)
o0902243	s	UDU-UDU~a-	UDU~a
o0900806	s	GI--	GI
o0901376	s	MAŠ--	MAŠ
o0901090	s	KI--	KI
o0902935	n	5(N14)-5(N14)~v1-	5(N14)
o0902863	n	6(N01)--	6(N01)
o0903065	n	6(N34)--	6(N34)
o0902932	n	3(N14)--	3(N14)
o0901483	s	NE-NE~a-	NE~a
o0901614	s	NUNUZ-NUNUZ~a1-	NUNUZ~a1
o0902858	n	1(N01)--	1(N01)
o0902136	s	TUN₃-TUN₃~a-	TUN₃~a
o0900264	s	DILMUN--	DILMUN
o0902858	n	1(N01)--	1(N01)
o0901648	s	PIRIG-PIRIG~b1-	PIRIG~b1
o0901870	s	SU-SU~a-	SU~a
o0903210	n	1(N57)--	1(N57)
o0900115	s	BA--	BA
o0901955	c	|ŠE.NAM₂|-|ŠE~a.NAM₂|-	|ŠE~a.NAM₂|
o0901468	s	NAM₂--	NAM₂
o0900312	s	DUB-DUB~a-	DUB~a
o0902575	s	ZATU694-ZATU694~c-	ZATU694~c
o0901614	s	NUNUZ-NUNUZ~a1-	NUNUZ~a1
o0902858	n	1(N01)--	1(N01)
o0903368	s	X--	X
o0902865	n	8(N01)--	8(N01)
o0902400	s	UTUA-UTUA~a-	UTUA~a
o0902860	n	3(N01)--	3(N01)
o0902250	s	UDUNITA-UDUNITA~a-	UDUNITA~a
o0902929	n	1(N14)--	1(N14)
o0902858	n	1(N01)--	1(N01)
o0901593	s	NUN-NUN~b-	NUN~b
o0902866	n	9(N01)--	9(N01)
o0901377	s	MAŠ₂--	MAŠ₂
o0902102	s	TE--	TE
o0901659	s	RAD-RAD~a-	RAD~a
o0901709	s	SANGA-SANGA~a-	SANGA~a
o0903210	n	1(N57)--	1(N57)
o0900908	s	GU₄--	GU₄
o0902207	c	|U₄×2(N57)|--	|U₄×2(N57)|
o0902102	s	TE--	TE
o0901659	s	RAD-RAD~a-	RAD~a
o0901709	s	SANGA-SANGA~a-	SANGA~a
o0901918	s	ŠA₃-ŠA₃~a1-	ŠA₃~a1
o0902605	s	ZATU710--	ZATU710
o0901697	s	SAL--	SAL
o0901090	s	KI--	KI
o0901724	s	SI--	SI
o0900513	s	EN-EN~a-	EN~a
o0902874	n	5(N02)--	5(N02)
o0901670	s	RU--	RU
o0901090	s	KI--	KI
o0901501	s	NI-NI~a-	NI~a
o0900860	s	GIR₃-GIR₃~c-	GIR₃~c
o0902227	s	UB--	UB
o0902060	s	ŠUBUR--	ŠUBUR
o0900779	s	GAR--	GAR
o0902156	s	U₂-U₂~a-	U₂~a
o0900513	s	EN-EN~a-	EN~a
o0901376	s	MAŠ--	MAŠ
o0900175	s	BU-BU~a-	BU~a
o0902157	s	U₂-U₂~b-	U₂~b
o0901670	s	RU--	RU
o0902873	n	4(N02)--	4(N02)
o0900960	s	HI--	HI
o0901090	s	KI--	KI
o0901580	s	NIR-NIR~a-	NIR~a
o0902739	s	ZATU773-ZATU773~a-	ZATU773~a
o0900175	s	BU-BU~a-	BU~a
o0900806	s	GI--	GI
o0901501	s	NI-NI~a-	NI~a
o0902779	s	ZATU811--	ZATU811
o0902033	s	ŠU--	ŠU
o0902234	s	UD₅-UD₅~a-	UD₅~a
o0902874	n	5(N02)--	5(N02)
o0901746	s	SIG--	SIG
o0901659	s	RAD-RAD~a-	RAD~a
o0900205	s	BU₃--	BU₃
o0900000	s	A--	A
o0901075	s	KASKAL--	KASKAL
o0902060	s	ŠUBUR--	ŠUBUR
o0903210	n	1(N57)--	1(N57)
o0900960	s	HI--	HI
o0901426	s	MUŠEN--	MUŠEN
o0901082	s	KAŠ-KAŠ~c-	KAŠ~c
o0902790	s	ZATU823--	ZATU823
o0900552	s	EZEN-EZEN~b-	EZEN~b
o0900513	s	EN-EN~a-	EN~a
o0902871	n	2(N02)--	2(N02)
o0902339	s	URU-URU~a1-	URU~a1
o0900089	s	AN--	AN
o0901419	s	MUŠ₃-MUŠ₃~a-	MUŠ₃~a
o0902094	s	TAK₄-TAK₄~a-	TAK₄~a
o0900000	s	A--	A
o0901918	s	ŠA₃-ŠA₃~a1-	ŠA₃~a1
o0901718	s	SAR-SAR~a-	SAR~a
o0900513	s	EN-EN~a-	EN~a
o0902872	n	3(N02)--	3(N02)
o0902763	s	ZATU795--	ZATU795
o0901284	s	LAM-LAM~b-	LAM~b
o0901304	s	LU₂--	LU₂
o0900089	s	AN--	AN
o0902739	s	ZATU773-ZATU773~a-	ZATU773~a
o0902234	s	UD₅-UD₅~a-	UD₅~a
o0900014	s	AB-AB~b-	AB~b
o0900908	s	GU₄--	GU₄
o0900513	s	EN-EN~a-	EN~a
o0902871	n	2(N02)--	2(N02)
o0900175	s	BU-BU~a-	BU~a
o0901724	s	SI--	SI
o0902102	s	TE--	TE
o0901133	s	KITI--	KITI
o0900513	s	EN-EN~a-	EN~a
o0901376	s	MAŠ--	MAŠ
o0901060	s	KAL-KAL~b2-	KAL~b2
o0900175	s	BU-BU~a-	BU~a
o0901426	s	MUŠEN--	MUŠEN
o0901659	s	RAD-RAD~a-	RAD~a
o0901659	s	RAD-RAD~a-	RAD~a
o0900175	s	BU-BU~a-	BU~a
o0901724	s	SI--	SI
o0902102	s	TE--	TE
o0901133	s	KITI--	KITI
o0902763	s	ZATU795--	ZATU795
o0901284	s	LAM-LAM~b-	LAM~b
o0900089	s	AN--	AN
o0901419	s	MUŠ₃-MUŠ₃~a-	MUŠ₃~a
o0902339	s	URU-URU~a1-	URU~a1
o0902956	n	2(N15)--	2(N15)
o0902869	n	1(N02)--	1(N02)
o0903222	n	2(N57)--	2(N57)
o0901407	s	MUN-MUN~a1-	MUN~a1
o0901639	s	PAP-PAP~a-	PAP~a
o0903222	n	2(N57)--	2(N57)
o0901870	s	SU-SU~a-	SU~a
o0901659	s	RAD-RAD~a-	RAD~a
o0901133	s	KITI--	KITI
o0901724	s	SI--	SI
o0902102	s	TE--	TE
o0900175	s	BU-BU~a-	BU~a
o0902763	s	ZATU795--	ZATU795
o0901284	s	LAM-LAM~b-	LAM~b
o0901670	s	RU--	RU
o0901090	s	KI--	KI
o0900960	s	HI--	HI
o0901090	s	KI--	KI
o0902339	s	URU-URU~a1-	URU~a1
o0900089	s	AN--	AN
o0901419	s	MUŠ₃-MUŠ₃~a-	MUŠ₃~a
o0901746	s	SIG--	SIG
o0901659	s	RAD-RAD~a-	RAD~a
o0902862	n	5(N01)--	5(N01)
o0900513	s	EN-EN~a-	EN~a
o0901625	s	PA-PA~a-	PA~a
o0900494	s	E₂-E₂~b-	E₂~b
o0902865	n	8(N01)--	8(N01)
o0901697	s	SAL--	SAL
o0902861	n	4(N01)--	4(N01)
o0902339	s	URU-URU~a1-	URU~a1
o0901625	s	PA-PA~a-	PA~a
o0902929	n	1(N14)--	1(N14)
o0902860	n	3(N01)--	3(N01)
o0901697	s	SAL--	SAL
o0902864	n	7(N01)--	7(N01)
o0902094	s	TAK₄-TAK₄~a-	TAK₄~a
o0901677	s	SAG--	SAG
o0902860	n	3(N01)--	3(N01)
o0901697	s	SAL--	SAL
o0902860	n	3(N01)--	3(N01)
o0901481	s	NAR--	NAR
o0900000	s	A--	A
o0902859	n	2(N01)--	2(N01)
o0901697	s	SAL--	SAL
o0902858	n	1(N01)--	1(N01)
o0900513	s	EN-EN~a-	EN~a
o0900960	s	HI--	HI
o0901918	s	ŠA₃-ŠA₃~a1-	ŠA₃~a1
o0902862	n	5(N01)--	5(N01)
o0901697	s	SAL--	SAL
o0902860	n	3(N01)--	3(N01)
o0902302	s	UR-UR~a-	UR~a
o0902860	n	3(N01)--	3(N01)
o0901697	s	SAL--	SAL
o0902859	n	2(N01)--	2(N01)
o0900988	s	IDIGNA--	IDIGNA
o0900175	s	BU-BU~a-	BU~a
o0901946	s	ŠE-ŠE~a-	ŠE~a
o0902860	n	3(N01)--	3(N01)
o0901697	s	SAL--	SAL
o0902858	n	1(N01)--	1(N01)
o0900778	s	GAN₂--	GAN₂
o0900960	s	HI--	HI
o0902860	n	3(N01)--	3(N01)
o0901697	s	SAL--	SAL
o0902859	n	2(N01)--	2(N01)
o0901000	s	IM-IM~a-	IM~a
o0902866	n	9(N01)--	9(N01)
o0901697	s	SAL--	SAL
o0903368	s	X--	X
o0901697	s	SAL--	SAL
o0902862	n	5(N01)--	5(N01)
o0901697	s	SAL--	SAL
o0902860	n	3(N01)--	3(N01)
o0901697	s	SAL--	SAL
o0902453	s	ZATU628-ZATU628~a-	ZATU628~a
o0902302	s	UR-UR~a-	UR~a
o0900041	s	AB₂--	AB₂
o0902858	n	1(N01)--	1(N01)
o0903234	n	3(N57)--	3(N57)
o0901670	s	RU--	RU
o0902860	n	3(N01)--	3(N01)
o0901697	s	SAL--	SAL
o0902862	n	5(N01)--	5(N01)
o0901709	s	SANGA-SANGA~a-	SANGA~a
o0902865	n	8(N01)--	8(N01)
o0901697	s	SAL--	SAL
o0902860	n	3(N01)--	3(N01)
o0900513	s	EN-EN~a-	EN~a
o0900956	s	HAL--	HAL
o0902862	n	5(N01)--	5(N01)
o0901697	s	SAL--	SAL
o0902861	n	4(N01)--	4(N01)
o0900513	s	EN-EN~a-	EN~a
o0902220	s	U₈--	U₈
o0900000	s	A--	A
o0902860	n	3(N01)--	3(N01)
o0901697	s	SAL--	SAL
o0902859	n	2(N01)--	2(N01)
o0902248	c	|UDU×TAR|-|UDU~a×TAR~b|-	|(UDU~a×TAR)~b|
o0901910	s	ŠA--	ŠA
o0902864	n	7(N01)--	7(N01)
o0901697	s	SAL--	SAL
o0902860	n	3(N01)--	3(N01)
o0902302	s	UR-UR~a-	UR~a
o0900889	s	GIŠ₃-GIŠ₃~a-	GIŠ₃~a
o0902929	n	1(N14)--	1(N14)
o0901697	s	SAL--	SAL
o0902930	n	2(N14)--	2(N14)
o0901709	s	SANGA-SANGA~a-	SANGA~a
o0902102	s	TE--	TE
o0901659	s	RAD-RAD~a-	RAD~a
o0902929	n	1(N14)--	1(N14)
o0902862	n	5(N01)--	5(N01)
o0901697	s	SAL--	SAL
o0902862	n	5(N01)--	5(N01)
o0902506	s	ZATU659--	ZATU659
o0902863	n	6(N01)--	6(N01)
o0901697	s	SAL--	SAL
o0902860	n	3(N01)--	3(N01)
o0901153	c	|KU₆+KU₆|-|KU₆~a+KU₆~a|-	|KU₆~a+KU₆~a|
o0902859	n	2(N01)--	2(N01)
o0901697	s	SAL--	SAL
o0902860	n	3(N01)--	3(N01)
o0900279	s	DU--	DU
o0900041	s	AB₂--	AB₂
o0902864	n	7(N01)--	7(N01)
o0901697	s	SAL--	SAL
o0902860	n	3(N01)--	3(N01)
o0902793	s	ZATU826--	ZATU826
o0902864	n	7(N01)--	7(N01)
o0901697	s	SAL--	SAL
o0902858	n	1(N01)--	1(N01)
o0900778	s	GAN₂--	GAN₂
o0901648	s	PIRIG-PIRIG~b1-	PIRIG~b1
o0902860	n	3(N01)--	3(N01)
o0901697	s	SAL--	SAL
o0902860	n	3(N01)--	3(N01)
o0902558	s	ZATU686-ZATU686~b-	ZATU686~b
o0900237	s	DARA₃-DARA₃~c-	DARA₃~c
o0902865	n	8(N01)--	8(N01)
o0901697	s	SAL--	SAL
o0902864	n	7(N01)--	7(N01)
o0901670	s	RU--	RU
o0902060	s	ŠUBUR--	ŠUBUR
o0902863	n	6(N01)--	6(N01)
o0901697	s	SAL--	SAL
o0902861	n	4(N01)--	4(N01)
o0901376	s	MAŠ--	MAŠ
o0900829	s	GI₄-GI₄~a-	GI₄~a
o0902861	n	4(N01)--	4(N01)
o0901697	s	SAL--	SAL
o0902862	n	5(N01)--	5(N01)
o0901030	s	KA-KA~a-	KA~a
o0901082	s	KAŠ-KAŠ~c-	KAŠ~c
o0902860	n	3(N01)--	3(N01)
o0901697	s	SAL--	SAL
o0902858	n	1(N01)--	1(N01)
o0901060	s	KAL-KAL~b2-	KAL~b2
o0902060	s	ŠUBUR--	ŠUBUR
o0902860	n	3(N01)--	3(N01)
o0901697	s	SAL--	SAL
o0902861	n	4(N01)--	4(N01)
o0902763	s	ZATU795--	ZATU795
o0902864	n	7(N01)--	7(N01)
o0901697	s	SAL--	SAL
o0902860	n	3(N01)--	3(N01)
o0900494	s	E₂-E₂~b-	E₂~b
o0901639	s	PAP-PAP~a-	PAP~a
o0902861	n	4(N01)--	4(N01)
o0901697	s	SAL--	SAL
o0902858	n	1(N01)--	1(N01)
o0902332	s	URI₃-URI₃~a-	URI₃~a
o0900154	s	BAR--	BAR
o0902860	n	3(N01)--	3(N01)
o0901697	s	SAL--	SAL
o0902861	n	4(N01)--	4(N01)
o0900331	s	DUG-DUG~a-	DUG~a
o0900599	s	GA-GA~a-	GA~a
o0902929	n	1(N14)--	1(N14)
o0901697	s	SAL--	SAL
o0902860	n	3(N01)--	3(N01)
o0900860	s	GIR₃-GIR₃~c-	GIR₃~c
o0902869	n	1(N02)--	1(N02)
o0902860	n	3(N01)--	3(N01)
o0901697	s	SAL--	SAL
o0902858	n	1(N01)--	1(N01)
o0900269	s	DIM-DIM~a-	DIM~a
o0903234	n	3(N57)--	3(N57)
o0900154	s	BAR--	BAR
o0902146	s	TUR₃-TUR₃~a-	TUR₃~a
o0902860	n	3(N01)--	3(N01)
o0901697	s	SAL--	SAL
o0902858	n	1(N01)--	1(N01)
o0903234	n	3(N57)--	3(N57)
o0900082	s	AMAR--	AMAR
o0902859	n	2(N01)--	2(N01)
o0901697	s	SAL--	SAL
o0902859	n	2(N01)--	2(N01)
o0901697	s	SAL--	SAL
o0902453	s	ZATU628-ZATU628~a-	ZATU628~a
o0902033	s	ŠU--	ŠU
o0902033	s	ŠU--	ŠU
o0901380	s	ME-ME~a-	ME~a
o0902860	n	3(N01)--	3(N01)
o0901724	s	SI--	SI
o0901090	s	KI--	KI
o0900960	s	HI--	HI
o0902865	n	8(N01)--	8(N01)
o0901697	s	SAL--	SAL
o0902858	n	1(N01)--	1(N01)
o0902033	s	ŠU--	ŠU
o0901930	s	ŠAGAN--	ŠAGAN
o0902060	s	ŠUBUR--	ŠUBUR
o0902862	n	5(N01)--	5(N01)
o0901697	s	SAL--	SAL
o0902860	n	3(N01)--	3(N01)
o0902060	s	ŠUBUR--	ŠUBUR
o0901392	s	MU--	MU
o0902862	n	5(N01)--	5(N01)
o0901697	s	SAL--	SAL
o0902865	n	8(N01)--	8(N01)
o0900279	s	DU--	DU
o0900860	s	GIR₃-GIR₃~c-	GIR₃~c
o0900126	s	BAHAR₂-BAHAR₂~b-	BAHAR₂~b
o0902860	n	3(N01)--	3(N01)
o0901697	s	SAL--	SAL
o0902859	n	2(N01)--	2(N01)
o0901697	s	SAL--	SAL
o0901090	s	KI--	KI
o0900960	s	HI--	HI
o0901724	s	SI--	SI
o0902859	n	2(N01)--	2(N01)
o0901697	s	SAL--	SAL
o0902861	n	4(N01)--	4(N01)
o0903234	n	3(N57)--	3(N57)
o0901075	s	KASKAL--	KASKAL
o0902863	n	6(N01)--	6(N01)
o0901697	s	SAL--	SAL
o0902861	n	4(N01)--	4(N01)
o0902506	s	ZATU659--	ZATU659
o0900126	s	BAHAR₂-BAHAR₂~b-	BAHAR₂~b
o0902863	n	6(N01)--	6(N01)
o0901697	s	SAL--	SAL
o0902861	n	4(N01)--	4(N01)
o0902506	s	ZATU659--	ZATU659
o0903368	s	X--	X
o0900260	s	DI--	DI
o0902763	s	ZATU795--	ZATU795
o0902861	n	4(N01)--	4(N01)
o0901697	s	SAL--	SAL
o0902862	n	5(N01)--	5(N01)
o0900276	s	DIN--	DIN
o0901145	s	KU₆-KU₆~a-	KU₆~a
o0900956	s	HAL--	HAL
o0902864	n	7(N01)--	7(N01)
o0901697	s	SAL--	SAL
o0902859	n	2(N01)--	2(N01)
o0902161	s	U₄--	U₄
o0902866	n	9(N01)--	9(N01)
o0901697	s	SAL--	SAL
o0902859	n	2(N01)--	2(N01)
o0901075	s	KASKAL--	KASKAL
o0902060	s	ŠUBUR--	ŠUBUR
o0902860	n	3(N01)--	3(N01)
o0901697	s	SAL--	SAL
o0902859	n	2(N01)--	2(N01)
o0901584	s	NU--	NU
o0902060	s	ŠUBUR--	ŠUBUR
o0902860	n	3(N01)--	3(N01)
o0901697	s	SAL--	SAL
o0902858	n	1(N01)--	1(N01)
o0900154	s	BAR--	BAR
o0901639	s	PAP-PAP~a-	PAP~a
o0901670	s	RU--	RU
o0902859	n	2(N01)--	2(N01)
o0901697	s	SAL--	SAL
o0902860	n	3(N01)--	3(N01)
o0900960	s	HI--	HI
o0900778	s	GAN₂--	GAN₂
o0901625	s	PA-PA~a-	PA~a
o0902860	n	3(N01)--	3(N01)
o0901697	s	SAL--	SAL
o0902858	n	1(N01)--	1(N01)
o0901990	s	ŠIDIM--	ŠIDIM
o0900089	s	AN--	AN
o0900115	s	BA--	BA
o0900806	s	GI--	GI
o0902859	n	2(N01)--	2(N01)
o0901697	s	SAL--	SAL
o0902858	n	1(N01)--	1(N01)
o0902301	s	UR--	UR
o0900175	s	BU-BU~a-	BU~a
o0902862	n	5(N01)--	5(N01)
o0901697	s	SAL--	SAL
o0902859	n	2(N01)--	2(N01)
o0901145	s	KU₆-KU₆~a-	KU₆~a
o0900541	s	ERIM-ERIM~a-	ERIM~a
o0902859	n	2(N01)--	2(N01)
o0901697	s	SAL--	SAL
o0902859	n	2(N01)--	2(N01)
o0901521	s	NIMGIR--	NIMGIR
o0902596	s	ZATU703--	ZATU703
o0902863	n	6(N01)--	6(N01)
o0901697	s	SAL--	SAL
o0902858	n	1(N01)--	1(N01)
o0902107	s	TI@t--	TI@t
o0901387	s	MES--	MES
o0902858	n	1(N01)--	1(N01)
o0901697	s	SAL--	SAL
o0902860	n	3(N01)--	3(N01)
o0900012	s	AB-AB~a-	AB~a
o0902102	s	TE--	TE
o0900279	s	DU--	DU
o0902861	n	4(N01)--	4(N01)
o0901697	s	SAL--	SAL
o0902859	n	2(N01)--	2(N01)
o0902384	s	UŠ-UŠ~a-	UŠ~a
o0902064	s	ŠUR₂-ŠUR₂~b-	ŠUR₂~b
o0900175	s	BU-BU~a-	BU~a
o0902858	n	1(N01)--	1(N01)
o0902506	s	ZATU659--	ZATU659
o0901145	s	KU₆-KU₆~a-	KU₆~a
o0902859	n	2(N01)--	2(N01)
o0901697	s	SAL--	SAL
o0902858	n	1(N01)--	1(N01)
o0900175	s	BU-BU~a-	BU~a
o0901145	s	KU₆-KU₆~a-	KU₆~a
o0901946	s	ŠE-ŠE~a-	ŠE~a
o0902862	n	5(N01)--	5(N01)
o0901697	s	SAL--	SAL
o0902858	n	1(N01)--	1(N01)
o0902763	s	ZATU795--	ZATU795
o0902060	s	ŠUBUR--	ŠUBUR
o0902858	n	1(N01)--	1(N01)
o0901697	s	SAL--	SAL
o0902859	n	2(N01)--	2(N01)
o0900279	s	DU--	DU
o0900529	s	EN₂--	EN₂
o0902453	s	ZATU628-ZATU628~a-	ZATU628~a
o0901697	s	SAL--	SAL
o0902858	n	1(N01)--	1(N01)
o0901137	s	KU-KU~b1-	KU~b1
o0901407	s	MUN-MUN~a1-	MUN~a1
o0902858	n	1(N01)--	1(N01)
o0901697	s	SAL--	SAL
o0903059	n	1(N34)--	1(N34)
o0902859	n	2(N01)--	2(N01)
o0901677	s	SAG--	SAG
o0902859	n	2(N01)--	2(N01)
o0902220	s	U₈--	U₈
o0902930	n	2(N14)--	2(N14)
o0902234	s	UD₅-UD₅~a-	UD₅~a
o0902930	n	2(N14)--	2(N14)
o0902865	n	8(N01)--	8(N01)
o0901377	s	MAŠ₂--	MAŠ₂
o0902930	n	2(N14)--	2(N14)
o0902864	n	7(N01)--	7(N01)
o0901593	s	NUN-NUN~b-	NUN~b
o0902861	n	4(N01)--	4(N01)
o0902400	s	UTUA-UTUA~a-	UTUA~a
o0902929	n	1(N14)--	1(N14)
o0902250	s	UDUNITA-UDUNITA~a-	UDUNITA~a
o0903059	n	1(N34)--	1(N34)
o0902932	n	3(N14)--	3(N14)
o0902858	n	1(N01)--	1(N01)
o0902243	s	UDU-UDU~a-	UDU~a
o0901145	s	KU₆-KU₆~a-	KU₆~a
o0901426	s	MUŠEN--	MUŠEN
o0901376	s	MAŠ--	MAŠ
o0903063	n	4(N34)--	4(N34)
o0902929	n	1(N14)--	1(N14)
o0902864	n	7(N01)--	7(N01)
o0903368	s	X--	X
o0902860	n	3(N01)--	3(N01)
o0901870	s	SU-SU~a-	SU~a
o0901639	s	PAP-PAP~a-	PAP~a
o0900513	s	EN-EN~a-	EN~a
o0900282	s	DU@g--	DU@g
o0902103	s	TI--	TI
o0902859	n	2(N01)--	2(N01)
o0901870	s	SU-SU~a-	SU~a
o0901639	s	PAP-PAP~a-	PAP~a
o0900513	s	EN-EN~a-	EN~a
o0901887	s	SUKKAL--	SUKKAL
o0901618	s	NUNUZ-NUNUZ~c-	NUNUZ~c
o0902858	n	1(N01)--	1(N01)
o0900154	s	BAR--	BAR
o0902858	n	1(N01)--	1(N01)
o0901870	s	SU-SU~a-	SU~a
o0901639	s	PAP-PAP~a-	PAP~a
o0900282	s	DU@g--	DU@g
o0902858	n	1(N01)--	1(N01)
o0900154	s	BAR--	BAR
o0902859	n	2(N01)--	2(N01)
o0901639	s	PAP-PAP~a-	PAP~a
o0901870	s	SU-SU~a-	SU~a
o0901184	s	LA₂--	LA₂
o0902102	s	TE--	TE
o0902860	n	3(N01)--	3(N01)
o0901870	s	SU-SU~a-	SU~a
o0901639	s	PAP-PAP~a-	PAP~a
o0901115	s	KISAL-KISAL~b1-	KISAL~b1
o0900089	s	AN--	AN
o0901090	s	KI--	KI
o0902858	n	1(N01)--	1(N01)
o0901870	s	SU-SU~a-	SU~a
o0901639	s	PAP-PAP~a-	PAP~a
o0902302	s	UR-UR~a-	UR~a
o0902858	n	1(N01)--	1(N01)
o0900154	s	BAR--	BAR
o0902858	n	1(N01)--	1(N01)
o0901870	s	SU-SU~a-	SU~a
o0901639	s	PAP-PAP~a-	PAP~a
o0901145	s	KU₆-KU₆~a-	KU₆~a
o0900276	s	DIN--	DIN
o0900513	s	EN-EN~a-	EN~a
o0900960	s	HI--	HI
o0901918	s	ŠA₃-ŠA₃~a1-	ŠA₃~a1
o0902869	n	1(N02)--	1(N02)
o0900513	s	EN-EN~a-	EN~a
o0903368	s	X--	X
o0902859	n	2(N01)--	2(N01)
o0900154	s	BAR--	BAR
o0901724	s	SI--	SI
o0901115	s	KISAL-KISAL~b1-	KISAL~b1
o0902858	n	1(N01)--	1(N01)
o0901639	s	PAP-PAP~a-	PAP~a
o0901870	s	SU-SU~a-	SU~a
o0900513	s	EN-EN~a-	EN~a
o0901483	s	NE-NE~a-	NE~a
o0902858	n	1(N01)--	1(N01)
o0901639	s	PAP-PAP~a-	PAP~a
o0901870	s	SU-SU~a-	SU~a
o0902033	s	ŠU--	ŠU
o0902033	s	ŠU--	ŠU
o0902858	n	1(N01)--	1(N01)
o0901639	s	PAP-PAP~a-	PAP~a
o0901870	s	SU-SU~a-	SU~a
o0902560	s	ZATU687--	ZATU687
o0900860	s	GIR₃-GIR₃~c-	GIR₃~c
o0902859	n	2(N01)--	2(N01)
o0900154	s	BAR--	BAR
o0902033	s	ŠU--	ŠU
o0902139	s	TUR--	TUR
o0900899	s	GIŠIMMAR-GIŠIMMAR~b1-	GIŠIMMAR~b1
o0903210	n	1(N57)--	1(N57)
o0902858	n	1(N01)--	1(N01)
o0901639	s	PAP-PAP~a-	PAP~a
o0901870	s	SU-SU~a-	SU~a
o0901521	s	NIMGIR--	NIMGIR
o0902859	n	2(N01)--	2(N01)
o0900513	s	EN-EN~a-	EN~a
o0901962	s	ŠE₃--	ŠE₃
o0901158	s	KUR-KUR~a-	KUR~a
o0900217	s	DA-DA~a-	DA~a
o0900269	s	DIM-DIM~a-	DIM~a
o0902858	n	1(N01)--	1(N01)
o0900154	s	BAR--	BAR
o0902860	n	3(N01)--	3(N01)
o0900312	s	DUB-DUB~a-	DUB~a
o0901699	c	|SAL.KUR|-|SAL.KUR~a|-	|SAL.KUR~a|
o0902146	s	TUR₃-TUR₃~a-	TUR₃~a
o0900089	s	AN--	AN
o0901483	s	NE-NE~a-	NE~a
o0900513	s	EN-EN~a-	EN~a
o0900983	s	IB-IB~a-	IB~a
o0902859	n	2(N01)--	2(N01)
o0901870	s	SU-SU~a-	SU~a
o0901639	s	PAP-PAP~a-	PAP~a
o0900983	s	IB-IB~a-	IB~a
o0900834	c	|GI₄&GI₄|-|GI₄~a&GI₄~a|-	|GI₄~a&GI₄~a|
o0902039	s	ŠU₂-ŠU₂~a-	ŠU₂
o0900493	s	E₂-E₂~a-	E₂~a
o0902858	n	1(N01)--	1(N01)
o0903234	n	3(N57)--	3(N57)
o0901670	s	RU--	RU
o0900269	s	DIM-DIM~a-	DIM~a
o0901639	s	PAP-PAP~a-	PAP~a
o0901870	s	SU-SU~a-	SU~a
o0902858	n	1(N01)--	1(N01)
o0901639	s	PAP-PAP~a-	PAP~a
o0901870	s	SU-SU~a-	SU~a
o0900513	s	EN-EN~a-	EN~a
o0900883	c	|GIŠ×ŠU₂|-|GIŠ×ŠU₂~a|-	|GIŠ×ŠU₂~a|
o0901517	s	NIM-NIM~b1-	NIM~b1
o0900729	s	GAL-GAL~a-	GAL~a
o0900976	s	HI@g-HI@g~a-	HI@g~a
o0902860	n	3(N01)--	3(N01)
o0900154	s	BAR--	BAR
o0901483	s	NE-NE~a-	NE~a
o0900115	s	BA--	BA
o0901437	s	NA-NA~a-	NA~a
o0902862	n	5(N01)--	5(N01)
o0901757	s	SIG₂-SIG₂~b-	SIG₂~b
o0901158	s	KUR-KUR~a-	KUR~a
o0902858	n	1(N01)--	1(N01)
o0901639	s	PAP-PAP~a-	PAP~a
o0901870	s	SU-SU~a-	SU~a
o0903264	n	5(N57)--	5(N57)
o0900908	s	GU₄--	GU₄
o0902858	n	1(N01)--	1(N01)
o0900154	s	BAR--	BAR
o0900493	s	E₂-E₂~a-	E₂~a
o0902076	s	TA-TA~c-	TA~c
o0900960	s	HI--	HI
o0900948	s	GURUŠ-GURUŠ~a-	GURUŠ~a
o0902858	n	1(N01)--	1(N01)
o0900312	s	DUB-DUB~a-	DUB~a
o0901426	s	MUŠEN--	MUŠEN
o0901699	c	|SAL.KUR|-|SAL.KUR~a|-	|SAL.KUR~a|
o0902697	s	ZATU751-ZATU751~a-	ZATU751~a
o0902858	n	1(N01)--	1(N01)
o0901870	s	SU-SU~a-	SU~a
o0901639	s	PAP-PAP~a-	PAP~a
o0901639	s	PAP-PAP~a-	PAP~a
o0900494	s	E₂-E₂~b-	E₂~b
o0902858	n	1(N01)--	1(N01)
o0900154	s	BAR--	BAR
o0902859	n	2(N01)--	2(N01)
o0901639	s	PAP-PAP~a-	PAP~a
o0901870	s	SU-SU~a-	SU~a
o0901623	s	NUNUZ@t-NUNUZ~a1@t-	NUNUZ~a1@t
o0900126	s	BAHAR₂-BAHAR₂~b-	BAHAR₂~b
o0900175	s	BU-BU~a-	BU~a
o0902860	n	3(N01)--	3(N01)
o0901870	s	SU-SU~a-	SU~a
o0901639	s	PAP-PAP~a-	PAP~a
o0900089	s	AN--	AN
o0903234	n	3(N57)--	3(N57)
o0902858	n	1(N01)--	1(N01)
o0900154	s	BAR--	BAR
o0902859	n	2(N01)--	2(N01)
o0901870	s	SU-SU~a-	SU~a
o0901639	s	PAP-PAP~a-	PAP~a
o0902060	s	ŠUBUR--	ŠUBUR
o0901419	s	MUŠ₃-MUŠ₃~a-	MUŠ₃~a
o0902858	n	1(N01)--	1(N01)
o0901870	s	SU-SU~a-	SU~a
o0901639	s	PAP-PAP~a-	PAP~a
o0902064	s	ŠUR₂-ŠUR₂~b-	ŠUR₂~b
o0900175	s	BU-BU~a-	BU~a
o0902859	n	2(N01)--	2(N01)
o0900154	s	BAR--	BAR
o0900029	c	|AB×SUKKAL|-|AB~a×SUKKAL|-	|AB~a×SUKKAL|
o0902859	n	2(N01)--	2(N01)
o0901870	s	SU-SU~a-	SU~a
o0901639	s	PAP-PAP~a-	PAP~a
o0902453	s	ZATU628-ZATU628~a-	ZATU628~a
o0902484	s	ZATU647--	ZATU647
o0902861	n	4(N01)--	4(N01)
o0900154	s	BAR--	BAR
o0902858	n	1(N01)--	1(N01)
o0901158	s	KUR-KUR~a-	KUR~a
o0901757	s	SIG₂-SIG₂~b-	SIG₂~b
o0901709	s	SANGA-SANGA~a-	SANGA~a
o0903368	s	X--	X
o0902929	n	1(N14)--	1(N14)
o0902863	n	6(N01)--	6(N01)
o0900513	s	EN-EN~a-	EN~a
o0902384	s	UŠ-UŠ~a-	UŠ~a
o0902929	n	1(N14)--	1(N14)
o0902860	n	3(N01)--	3(N01)
o0900312	s	DUB-DUB~a-	DUB~a
o0901870	s	SU-SU~a-	SU~a
o0901639	s	PAP-PAP~a-	PAP~a
o0902860	n	3(N01)--	3(N01)
o0900154	s	BAR--	BAR
o0902864	n	7(N01)--	7(N01)
o0900899	s	GIŠIMMAR-GIŠIMMAR~b1-	GIŠIMMAR~b1
o0903210	n	1(N57)--	1(N57)
o0902860	n	3(N01)--	3(N01)
o0901870	s	SU-SU~a-	SU~a
o0901639	s	PAP-PAP~a-	PAP~a
o0902861	n	4(N01)--	4(N01)
o0900154	s	BAR--	BAR
o0902863	n	6(N01)--	6(N01)
o0900513	s	EN-EN~a-	EN~a
o0900983	s	IB-IB~a-	IB~a
o0902858	n	1(N01)--	1(N01)
o0901870	s	SU-SU~a-	SU~a
o0901639	s	PAP-PAP~a-	PAP~a
o0902862	n	5(N01)--	5(N01)
o0901158	s	KUR-KUR~a-	KUR~a
o0902859	n	2(N01)--	2(N01)
o0900513	s	EN-EN~a-	EN~a
o0901962	s	ŠE₃--	ŠE₃
o0901158	s	KUR-KUR~a-	KUR~a
o0902860	n	3(N01)--	3(N01)
o0900312	s	DUB-DUB~a-	DUB~a
o0901158	s	KUR-KUR~a-	KUR~a
o0902859	n	2(N01)--	2(N01)
o0900312	s	DUB-DUB~a-	DUB~a
o0901639	s	PAP-PAP~a-	PAP~a
o0901870	s	SU-SU~a-	SU~a
o0902039	s	ŠU₂-ŠU₂~a-	ŠU₂
o0900493	s	E₂-E₂~a-	E₂~a
o0902859	n	2(N01)--	2(N01)
o0900312	s	DUB-DUB~a-	DUB~a
o0901639	s	PAP-PAP~a-	PAP~a
o0901870	s	SU-SU~a-	SU~a
o0900729	s	GAL-GAL~a-	GAL~a
o0900977	s	HI@g-HI@g~b-	HI@g~b
o0902929	n	1(N14)--	1(N14)
o0902859	n	2(N01)--	2(N01)
o0901870	s	SU-SU~a-	SU~a
o0901639	s	PAP-PAP~a-	PAP~a
o0902792	s	ZATU825--	ZATU825
o0900041	s	AB₂--	AB₂
o0902858	n	1(N01)--	1(N01)
o0900312	s	DUB-DUB~a-	DUB~a
o0901639	s	PAP-PAP~a-	PAP~a
o0901870	s	SU-SU~a-	SU~a
o0902861	n	4(N01)--	4(N01)
o0900154	s	BAR--	BAR
o0902859	n	2(N01)--	2(N01)
o0903368	s	X--	X
o0902862	n	5(N01)--	5(N01)
o0901158	s	KUR-KUR~a-	KUR~a
o0903368	s	X--	X
o0903059	n	1(N34)--	1(N34)
o0902860	n	3(N01)--	3(N01)
o0901639	s	PAP-PAP~a-	PAP~a
o0901870	s	SU-SU~a-	SU~a
o0901184	s	LA₂--	LA₂
o0900068	s	ALAN-ALAN~c-	ALAN~c
o0902293	s	UNUG-UNUG~a-	UNUG~a
o0901133	s	KITI--	KITI
o0901659	s	RAD-RAD~a-	RAD~a
o0901662	s	RAD@g-RAD~a@g-	RAD~a@g
o0902932	n	3(N14)--	3(N14)
o0902860	n	3(N01)--	3(N01)
o0900312	s	DUB-DUB~a-	DUB~a
o0901639	s	PAP-PAP~a-	PAP~a
o0901870	s	SU-SU~a-	SU~a
o0902929	n	1(N14)--	1(N14)
o0902865	n	8(N01)--	8(N01)
o0900154	s	BAR--	BAR
o0902929	n	1(N14)--	1(N14)
o0902859	n	2(N01)--	2(N01)
o0901158	s	KUR-KUR~a-	KUR~a
o0902930	n	2(N14)--	2(N14)
o0902865	n	8(N01)--	8(N01)
o0900312	s	DUB-DUB~a-	DUB~a
o0900494	s	E₂-E₂~b-	E₂~b
o0902929	n	1(N14)--	1(N14)
o0902860	n	3(N01)--	3(N01)
o0901870	s	SU-SU~a-	SU~a
o0901639	s	PAP-PAP~a-	PAP~a
o0900029	c	|AB×SUKKAL|-|AB~a×SUKKAL|-	|AB~a×SUKKAL|
o0902866	n	9(N01)--	9(N01)
o0900312	s	DUB-DUB~a-	DUB~a
o0901870	s	SU-SU~a-	SU~a
o0901639	s	PAP-PAP~a-	PAP~a
o0902861	n	4(N01)--	4(N01)
o0900154	s	BAR--	BAR
o0902864	n	7(N01)--	7(N01)
o0901870	s	SU-SU~a-	SU~a
o0901639	s	PAP-PAP~a-	PAP~a
o0900089	s	AN--	AN
o0900493	s	E₂-E₂~a-	E₂~a
o0902859	n	2(N01)--	2(N01)
o0901870	s	SU-SU~a-	SU~a
o0901639	s	PAP-PAP~a-	PAP~a
o0902861	n	4(N01)--	4(N01)
o0903368	s	X--	X
o0902858	n	1(N01)--	1(N01)
o0901158	s	KUR-KUR~a-	KUR~a
o0903368	s	X--	X
o0902862	n	5(N01)--	5(N01)
o0901437	s	NA-NA~a-	NA~a
o0900806	s	GI--	GI
o0901426	s	MUŠEN--	MUŠEN
o0902858	n	1(N01)--	1(N01)
o0902234	s	UD₅-UD₅~a-	UD₅~a
o0902858	n	1(N01)--	1(N01)
o0902309	s	UR₂--	UR₂
o0900000	s	A--	A
o0900217	s	DA-DA~a-	DA~a
o0902858	n	1(N01)--	1(N01)
o0900089	s	AN--	AN
o0900154	s	BAR--	BAR
o0900115	s	BA--	BA
o0902858	n	1(N01)--	1(N01)
o0901137	s	KU-KU~b1-	KU~b1
o0900089	s	AN--	AN
o0902859	n	2(N01)--	2(N01)
o0900089	s	AN--	AN
o0900154	s	BAR--	BAR
o0900115	s	BA--	BA
o0902858	n	1(N01)--	1(N01)
o0901137	s	KU-KU~b1-	KU~b1
o0902157	s	U₂-U₂~b-	U₂~b
o0902858	n	1(N01)--	1(N01)
o0900089	s	AN--	AN
o0901648	s	PIRIG-PIRIG~b1-	PIRIG~b1
o0900541	s	ERIM-ERIM~a-	ERIM~a
o0902858	n	1(N01)--	1(N01)
o0901697	s	SAL--	SAL
o0900981	s	I--	I
o0901584	s	NU--	NU
o0900890	s	GIŠ₃-GIŠ₃~b-	GIŠ₃~b
o0902858	n	1(N01)--	1(N01)
o0901724	s	SI--	SI
o0900890	s	GIŠ₃-GIŠ₃~b-	GIŠ₃~b
o0900729	s	GAL-GAL~a-	GAL~a
o0900599	s	GA-GA~a-	GA~a
o0900729	s	GAL-GAL~a-	GAL~a
o0900121	s	BAD₃-BAD₃~b1-	BAD₃~b1
o0901501	s	NI-NI~a-	NI~a
o0900217	s	DA-DA~a-	DA~a
o0902861	n	4(N01)--	4(N01)
o0902234	s	UD₅-UD₅~a-	UD₅~a
o0902860	n	3(N01)--	3(N01)
o0902400	s	UTUA-UTUA~a-	UTUA~a
o0902863	n	6(N01)--	6(N01)
o0901593	s	NUN-NUN~b-	NUN~b
o0902858	n	1(N01)--	1(N01)
o0902250	s	UDUNITA-UDUNITA~a-	UDUNITA~a
o0902859	n	2(N01)--	2(N01)
o0901377	s	MAŠ₂--	MAŠ₂
o0902788	s	ZATU821--	ZATU821
o0900806	s	GI--	GI
o0902929	n	1(N14)--	1(N14)
o0902863	n	6(N01)--	6(N01)
o0902243	s	UDU-UDU~a-	UDU~a
o0900729	s	GAL-GAL~a-	GAL~a
o0900599	s	GA-GA~a-	GA~a
o0900729	s	GAL-GAL~a-	GAL~a
o0900121	s	BAD₃-BAD₃~b1-	BAD₃~b1
o0900217	s	DA-DA~a-	DA~a
o0901501	s	NI-NI~a-	NI~a
o0902861	n	4(N01)--	4(N01)
o0900128	s	BAHAR₂-BAHAR₂~c-	BAHAR₂~c
o0901145	s	KU₆-KU₆~a-	KU₆~a
o0900956	s	HAL--	HAL
o0900276	s	DIN--	DIN
o0900860	s	GIR₃-GIR₃~c-	GIR₃~c
o0900279	s	DU--	DU
o0901464	s	NAM-NAM~a-	NAM~a
o0901090	s	KI--	KI
o0902060	s	ŠUBUR--	ŠUBUR
o0901670	s	RU--	RU
o0901184	s	LA₂--	LA₂
o0902102	s	TE--	TE
o0902859	n	2(N01)--	2(N01)
o0902506	s	ZATU659--	ZATU659
o0903368	s	X--	X
o0901625	s	PA-PA~a-	PA~a
o0902858	n	1(N01)--	1(N01)
o0903234	n	3(N57)--	3(N57)
o0900532	c	|EN₂.E₂|-|EN₂.E₂~b|-	|EN₂.E₂~b|
o0902858	n	1(N01)--	1(N01)
o0900513	s	EN-EN~a-	EN~a
o0901670	s	RU--	RU
o0900175	s	BU-BU~a-	BU~a
o0901145	s	KU₆-KU₆~a-	KU₆~a
o0900276	s	DIN--	DIN
o0900956	s	HAL--	HAL
o0902865	n	8(N01)--	8(N01)
o0900956	s	HAL--	HAL
o0901145	s	KU₆-KU₆~a-	KU₆~a
o0900276	s	DIN--	DIN
o0902859	n	2(N01)--	2(N01)
o0900312	s	DUB-DUB~a-	DUB~a
o0900513	s	EN-EN~a-	EN~a
o0902584	s	ZATU697-ZATU697~a-	ZATU697~a
o0902006	s	ŠITA-ŠITA~a3-	ŠITA~a3
o0900956	s	HAL--	HAL
o0900175	s	BU-BU~a-	BU~a
o0901639	s	PAP-PAP~a-	PAP~a
o0903234	n	3(N57)--	3(N57)
o0901870	s	SU-SU~a-	SU~a
o0902860	n	3(N01)--	3(N01)
o0902339	s	URU-URU~a1-	URU~a1
o0900279	s	DU--	DU
o0901062	s	KALAM-KALAM~a-	KALAM~a
o0900494	s	E₂-E₂~b-	E₂~b
o0900513	s	EN-EN~a-	EN~a
o0901639	s	PAP-PAP~a-	PAP~a
o0900860	s	GIR₃-GIR₃~c-	GIR₃~c
o0901639	s	PAP-PAP~a-	PAP~a
o0902859	n	2(N01)--	2(N01)
o0901501	s	NI-NI~a-	NI~a
o0900860	s	GIR₃-GIR₃~c-	GIR₃~c
o0902060	s	ŠUBUR--	ŠUBUR
o0901696	s	SAGŠU--	SAGŠU
o0900729	s	GAL-GAL~a-	GAL~a
o0902858	n	1(N01)--	1(N01)
o0900513	s	EN-EN~a-	EN~a
o0900616	s	GA₂-GA₂~a1-	GA₂~a1
o0901131	s	KIŠIK-KIŠIK~a-	KIŠIK~a
o0902227	s	UB--	UB
o0902829	s	ZI-ZI~a-	ZI~a
o0900312	s	DUB-DUB~a-	DUB~a
o0900513	s	EN-EN~a-	EN~a
o0901659	s	RAD-RAD~a-	RAD~a
o0901145	s	KU₆-KU₆~a-	KU₆~a
o0902865	n	8(N01)--	8(N01)
o0900513	s	EN-EN~a-	EN~a
o0901145	s	KU₆-KU₆~a-	KU₆~a
o0900312	s	DUB-DUB~a-	DUB~a
o0901659	s	RAD-RAD~a-	RAD~a
o0902858	n	1(N01)--	1(N01)
o0900724	s	GADA-GADA~a-	GADA~a
o0900778	s	GAN₂--	GAN₂
o0900100	s	APIN-APIN~a-	APIN~a
o0902858	n	1(N01)--	1(N01)
o0900724	s	GADA-GADA~a-	GADA~a
o0901457	s	NAGAR-NAGAR~a-	NAGAR~a
o0900485	s	DUR₂--	DUR₂
o0901145	s	KU₆-KU₆~a-	KU₆~a
o0902422	s	ZAG-ZAG~a-	ZAG~a
o0902858	n	1(N01)--	1(N01)
o0900154	s	BAR--	BAR
o0901697	s	SAL--	SAL
o0902220	s	U₈--	U₈
o0901186	s	LAGAB-LAGAB~a-	LAGAB~a
o0902858	n	1(N01)--	1(N01)
o0900154	s	BAR--	BAR
o0901697	s	SAL--	SAL
o0901419	s	MUŠ₃-MUŠ₃~a-	MUŠ₃~a
o0902858	n	1(N01)--	1(N01)
o0900154	s	BAR--	BAR
o0901697	s	SAL--	SAL
o0901380	s	ME-ME~a-	ME~a
o0901946	s	ŠE-ŠE~a-	ŠE~a
o0902858	n	1(N01)--	1(N01)
o0900724	s	GADA-GADA~a-	GADA~a
o0901082	s	KAŠ-KAŠ~c-	KAŠ~c
o0901426	s	MUŠEN--	MUŠEN
o0901052	s	KAK-KAK~a-	KAK~a
o0902858	n	1(N01)--	1(N01)
o0903222	n	2(N57)--	2(N57)
o0900154	s	BAR--	BAR
o0901697	s	SAL--	SAL
o0903234	n	3(N57)--	3(N57)
o0901426	s	MUŠEN--	MUŠEN
o0901501	s	NI-NI~a-	NI~a
o0902103	s	TI--	TI
o0900493	s	E₂-E₂~a-	E₂~a
o0902861	n	4(N01)--	4(N01)
o0902116	s	TUG₂-TUG₂~a-	TUG₂~a
o0901361	s	MAR-MAR~a-	MAR~a
o0902820	s	ZATU852--	ZATU852
o0901955	c	|ŠE.NAM₂|-|ŠE~a.NAM₂|-	|ŠE~a.NAM₂|
o0900100	s	APIN-APIN~a-	APIN~a
o0902859	n	2(N01)--	2(N01)
o0902116	s	TUG₂-TUG₂~a-	TUG₂~a
o0900228	s	DAR-DAR~a-	DAR~a
o0901361	s	MAR-MAR~a-	MAR~a
o0902858	n	1(N01)--	1(N01)
o0902116	s	TUG₂-TUG₂~a-	TUG₂~a
o0900001	c	|A×AB₂|--	|A×AB₂|
o0902858	n	1(N01)--	1(N01)
o0902859	n	2(N01)--	2(N01)
o0902116	s	TUG₂-TUG₂~a-	TUG₂~a
o0901501	s	NI-NI~a-	NI~a
o0902139	s	TUR--	TUR
o0902858	n	1(N01)--	1(N01)
o0901426	s	MUŠEN--	MUŠEN
o0900906	s	GU--	GU
o0902859	n	2(N01)--	2(N01)
o0901145	s	KU₆-KU₆~a-	KU₆~a
o0902422	s	ZAG-ZAG~a-	ZAG~a
o0902862	n	5(N01)--	5(N01)
o0902749	s	ZATU778--	ZATU778
o0902103	s	TI--	TI
o0900493	s	E₂-E₂~a-	E₂~a
o0902861	n	4(N01)--	4(N01)
o0901468	s	NAM₂--	NAM₂
o0900100	s	APIN-APIN~a-	APIN~a
o0901361	s	MAR-MAR~a-	MAR~a
o0901437	s	NA-NA~a-	NA~a
o0902859	n	2(N01)--	2(N01)
o0901361	s	MAR-MAR~a-	MAR~a
o0900228	s	DAR-DAR~a-	DAR~a
o0902858	n	1(N01)--	1(N01)
o0900001	c	|A×AB₂|--	|A×AB₂|
o0902859	n	2(N01)--	2(N01)
o0901501	s	NI-NI~a-	NI~a
o0902139	s	TUR--	TUR
o0902858	n	1(N01)--	1(N01)
o0901426	s	MUŠEN--	MUŠEN
o0900906	s	GU--	GU
o0902858	n	1(N01)--	1(N01)
o0902821	s	ZATU853--	ZATU853
o0900875	s	GIŠ--	GIŠ
o0902858	n	1(N01)--	1(N01)
o0902821	s	ZATU853--	ZATU853
o0900000	s	A--	A
o0902929	n	1(N14)--	1(N14)
o0902866	n	9(N01)--	9(N01)
o0902116	s	TUG₂-TUG₂~a-	TUG₂~a
o0901090	s	KI--	KI
o0901659	s	RAD-RAD~a-	RAD~a
o0900513	s	EN-EN~a-	EN~a
o0901090	s	KI--	KI
o0901625	s	PA-PA~a-	PA~a
o0902858	n	1(N01)--	1(N01)
o0900845	s	GIR-GIR~a-	GIR~a
o0901501	s	NI-NI~a-	NI~a
o0902859	n	2(N01)--	2(N01)
o0901501	s	NI-NI~a-	NI~a
o0900494	s	E₂-E₂~b-	E₂~b
o0900279	s	DU--	DU
o0902858	n	1(N01)--	1(N01)
o0902332	s	URI₃-URI₃~a-	URI₃~a
o0900983	s	IB-IB~a-	IB~a
o0902858	n	1(N01)--	1(N01)
o0901501	s	NI-NI~a-	NI~a
o0902575	s	ZATU694-ZATU694~c-	ZATU694~c
o0902103	s	TI--	TI
o0902858	n	1(N01)--	1(N01)
o0901030	s	KA-KA~a-	KA~a
o0901437	s	NA-NA~a-	NA~a
o0902858	n	1(N01)--	1(N01)
o0900012	s	AB-AB~a-	AB~a
o0902787	s	ZATU820--	ZATU820
o0903059	n	1(N34)--	1(N34)
o0901483	s	NE-NE~a-	NE~a
o0901614	s	NUNUZ-NUNUZ~a1-	NUNUZ~a1
o0900217	s	DA-DA~a-	DA~a
o0902858	n	1(N01)--	1(N01)
o0900822	c	|GI&GI|--	|GI&GI|
o0900100	s	APIN-APIN~a-	APIN~a
o0902858	n	1(N01)--	1(N01)
o0902039	s	ŠU₂-ŠU₂~a-	ŠU₂
o0900806	s	GI--	GI
o0901437	s	NA-NA~a-	NA~a
o0900860	s	GIR₃-GIR₃~c-	GIR₃~c
o0902859	n	2(N01)--	2(N01)
o0902220	s	U₈--	U₈
o0902860	n	3(N01)--	3(N01)
o0902234	s	UD₅-UD₅~a-	UD₅~a
o0902860	n	3(N01)--	3(N01)
o0901377	s	MAŠ₂--	MAŠ₂
o0902858	n	1(N01)--	1(N01)
o0901593	s	NUN-NUN~b-	NUN~b
o0900860	s	GIR₃-GIR₃~c-	GIR₃~c
o0902866	n	9(N01)--	9(N01)
o0902243	s	UDU-UDU~a-	UDU~a
o0903059	n	1(N34)--	1(N34)
o0901483	s	NE-NE~a-	NE~a
o0901614	s	NUNUZ-NUNUZ~a1-	NUNUZ~a1
o0900729	s	GAL-GAL~a-	GAL~a
o0900599	s	GA-GA~a-	GA~a
o0900175	s	BU-BU~a-	BU~a
o0900279	s	DU--	DU
o0900000	s	A--	A
o0902859	n	2(N01)--	2(N01)
o0900494	s	E₂-E₂~b-	E₂~b
o0900217	s	DA-DA~a-	DA~a
o0902859	n	2(N01)--	2(N01)
o0900000	s	A--	A
o0901082	s	KAŠ-KAŠ~c-	KAŠ~c
o0902858	n	1(N01)--	1(N01)
o0902332	s	URI₃-URI₃~a-	URI₃~a
o0900983	s	IB-IB~a-	IB~a
o0902858	n	1(N01)--	1(N01)
o0901393	s	MUD--	MUD
o0902858	n	1(N01)--	1(N01)
o0901137	s	KU-KU~b1-	KU~b1
o0900089	s	AN--	AN
o0902859	n	2(N01)--	2(N01)
o0900494	s	E₂-E₂~b-	E₂~b
o0901724	s	SI--	SI
o0901186	s	LAGAB-LAGAB~a-	LAGAB~a
o0902506	s	ZATU659--	ZATU659
o0901468	s	NAM₂--	NAM₂
o0901659	s	RAD-RAD~a-	RAD~a
o0901625	s	PA-PA~a-	PA~a
o0901946	s	ŠE-ŠE~a-	ŠE~a
o0900000	s	A--	A
o0902332	s	URI₃-URI₃~a-	URI₃~a
o0900983	s	IB-IB~a-	IB~a
o0902859	n	2(N01)--	2(N01)
o0902234	s	UD₅-UD₅~a-	UD₅~a
o0902858	n	1(N01)--	1(N01)
o0902400	s	UTUA-UTUA~a-	UTUA~a
o0902860	n	3(N01)--	3(N01)
o0902250	s	UDUNITA-UDUNITA~a-	UDUNITA~a
o0902858	n	1(N01)--	1(N01)
o0901593	s	NUN-NUN~b-	NUN~b
o0902859	n	2(N01)--	2(N01)
o0901377	s	MAŠ₂--	MAŠ₂
o0902866	n	9(N01)--	9(N01)
o0902243	s	UDU-UDU~a-	UDU~a
o0902139	s	TUR--	TUR
o0902506	s	ZATU659--	ZATU659
o0902332	s	URI₃-URI₃~a-	URI₃~a
o0900983	s	IB-IB~a-	IB~a
o0902858	n	1(N01)--	1(N01)
o0902858	n	1(N01)--	1(N01)
o0902858	n	1(N01)--	1(N01)
o0900336	s	DUG-DUG~c~v1-	DUG~c
o0902858	n	1(N01)--	1(N01)
o0900398	c	|DUG×1(N57)|-|DUG~c~v2×1(N57)|-	|DUG~c×1(N57)|
o0902858	n	1(N01)--	1(N01)
o0901940	s	ŠAKIR-ŠAKIR~c-	ŠAKIR~c
o0902858	n	1(N01)--	1(N01)
o0901396	s	MUD₃-MUD₃~a-	MUD₃~a
o0902858	n	1(N01)--	1(N01)
o0901268	s	LAHTAN₂--	LAHTAN₂
o0902858	n	1(N01)--	1(N01)
o0902858	n	1(N01)--	1(N01)
o0902858	n	1(N01)--	1(N01)
o0902858	n	1(N01)--	1(N01)
o0903368	s	X--	X
o0901502	s	NI-NI~b-	NI~b
o0901771	s	SIG₇--	SIG₇
o0902858	n	1(N01)--	1(N01)
o0903368	s	X--	X
o0901502	s	NI-NI~b-	NI~b
o0902858	n	1(N01)--	1(N01)
o0900736	s	GAN-GAN~a-	GAN~a
o0902858	n	1(N01)--	1(N01)
o0903368	s	X--	X
o0900736	s	GAN-GAN~a-	GAN~a
o0902858	n	1(N01)--	1(N01)
o0903264	n	5(N57)--	5(N57)
o0900736	s	GAN-GAN~a-	GAN~a
o0902858	n	1(N01)--	1(N01)
o0902858	n	1(N01)--	1(N01)
o0902858	n	1(N01)--	1(N01)
o0902858	n	1(N01)--	1(N01)
o0900358	c	|DUG×GA|-|DUG~b×GA~a~v4|-	|DUG~b×GA~a|
o0902858	n	1(N01)--	1(N01)
o0900408	c	|DUG×NAGA|-|DUG~b×NAGA~a|-	|DUG~b×NAGA~a|
o0902858	n	1(N01)--	1(N01)
o0900468	c	|DUG×ZATU779|-|DUG~b×ZATU779|-	|DUG~b×ZATU779|
o0902858	n	1(N01)--	1(N01)
o0900356	c	|DUG×E|-|DUG~b×E~a|-	|DUG~b×E~a|
o0902858	n	1(N01)--	1(N01)
o0900441	c	|DUG×(TAK₄.SA)|-|DUG~b×(TAK₄~a.SA~a)|-	|DUG~b×(TAK₄~a.SA~a)|
o0902858	n	1(N01)--	1(N01)
o0900414	c	|DUG×SA|-|DUG~b×SA~a|-	|DUG~b×SA~a|
o0902858	n	1(N01)--	1(N01)
o0902858	n	1(N01)--	1(N01)
o0902858	n	1(N01)--	1(N01)
o0902858	n	1(N01)--	1(N01)
o0900461	c	|DUG×X|-|DUG~b×X|-	|DUG~b×X|
o0902858	n	1(N01)--	1(N01)
o0900334	s	DUG-DUG~b-	DUG~b
o0902858	n	1(N01)--	1(N01)
o0900461	c	|DUG×X|-|DUG~b×X|-	|DUG~b×X|
o0902858	n	1(N01)--	1(N01)
o0900461	c	|DUG×X|-|DUG~b×X|-	|DUG~b×X|
o0902858	n	1(N01)--	1(N01)
o0900461	c	|DUG×X|-|DUG~b×X|-	|DUG~b×X|
o0902858	n	1(N01)--	1(N01)
o0900461	c	|DUG×X|-|DUG~b×X|-	|DUG~b×X|
o0902858	n	1(N01)--	1(N01)
o0900461	c	|DUG×X|-|DUG~b×X|-	|DUG~b×X|
o0902858	n	1(N01)--	1(N01)
o0902858	n	1(N01)--	1(N01)
o0902858	n	1(N01)--	1(N01)
o0900389	c	|DUG×LAM|-|DUG~b×LAM~a|-	|DUG~b×LAM~a|
o0902858	n	1(N01)--	1(N01)
o0900382	c	|DUG×KUR|-|DUG~b×KUR~b|-	|DUG~b×KUR~b|
o0902858	n	1(N01)--	1(N01)
o0900367	c	|DUG×GIŠ|-|DUG~b×GIŠ|-	|DUG~b×GIŠ|
o0902858	n	1(N01)--	1(N01)
o0900403	c	|DUG×3(N57)|-|DUG~b×3(N57)|-	|DUG~b×3(N57)|
o0902858	n	1(N01)--	1(N01)
o0900349	c	|DUG×BIR₃|-|DUG~b×BIR₃~c|-	|DUG~b×BIR₃~c|
o0902858	n	1(N01)--	1(N01)
o0900461	c	|DUG×X|-|DUG~b×X|-	|DUG~b×X|
o0902858	n	1(N01)--	1(N01)
o0902858	n	1(N01)--	1(N01)
o0902858	n	1(N01)--	1(N01)
o0903368	s	X--	X
o0902858	n	1(N01)--	1(N01)
o0903368	s	X--	X
o0902858	n	1(N01)--	1(N01)
o0900738	s	GAN-GAN~b-	GAN~b
o0902858	n	1(N01)--	1(N01)
o0900738	s	GAN-GAN~b-	GAN~b
o0902858	n	1(N01)--	1(N01)
o0900738	s	GAN-GAN~b-	GAN~b
o0902858	n	1(N01)--	1(N01)
o0903059	n	1(N34)--	1(N34)
o0902929	n	1(N14)--	1(N14)
o0902859	n	2(N01)--	2(N01)
o0901115	s	KISAL-KISAL~b1-	KISAL~b1
o0903368	s	X--	X
o0902858	n	1(N01)--	1(N01)
o0901501	s	NI-NI~a-	NI~a
o0902858	n	1(N01)--	1(N01)
o0900334	s	DUG-DUG~b-	DUG~b
o0902858	n	1(N01)--	1(N01)
o0900336	s	DUG-DUG~c~v1-	DUG~c
o0902858	n	1(N01)--	1(N01)
o0900398	c	|DUG×1(N57)|-|DUG~c~v2×1(N57)|-	|DUG~c×1(N57)|
o0902858	n	1(N01)--	1(N01)
o0901940	s	ŠAKIR-ŠAKIR~c-	ŠAKIR~c
o0902858	n	1(N01)--	1(N01)
o0901396	s	MUD₃-MUD₃~a-	MUD₃~a
o0902858	n	1(N01)--	1(N01)
o0901268	s	LAHTAN₂--	LAHTAN₂
o0902858	n	1(N01)--	1(N01)
o0902858	n	1(N01)--	1(N01)
o0901483	s	NE-NE~a-	NE~a
o0901009	s	IR-IR~a-	IR~a
o0902858	n	1(N01)--	1(N01)
o0901009	s	IR-IR~a-	IR~a
o0902858	n	1(N01)--	1(N01)
o0901870	s	SU-SU~a-	SU~a
o0901502	s	NI-NI~b-	NI~b
o0902858	n	1(N01)--	1(N01)
o0903264	n	5(N57)--	5(N57)
o0901870	s	SU-SU~a-	SU~a
o0901502	s	NI-NI~b-	NI~b
o0902858	n	1(N01)--	1(N01)
o0900493	s	E₂-E₂~a-	E₂~a
o0901870	s	SU-SU~a-	SU~a
o0901502	s	NI-NI~b-	NI~b
o0902858	n	1(N01)--	1(N01)
o0900736	s	GAN-GAN~a-	GAN~a
o0902858	n	1(N01)--	1(N01)
o0903264	n	5(N57)--	5(N57)
o0900736	s	GAN-GAN~a-	GAN~a
o0902858	n	1(N01)--	1(N01)
o0903368	s	X--	X
o0902858	n	1(N01)--	1(N01)
o0900361	c	|DUG×GEŠTU|-|DUG~b×GEŠTU~a~v2|-	|DUG~b×GEŠTU~a|
o0902858	n	1(N01)--	1(N01)
o0900464	c	|DUG×ZATU707|-|DUG~b×ZATU707~a|-	|DUG~b×ZATU707~a|
o0902858	n	1(N01)--	1(N01)
o0900408	c	|DUG×NAGA|-|DUG~b×NAGA~a|-	|DUG~b×NAGA~a|
o0902858	n	1(N01)--	1(N01)
o0900429	c	|DUG×SUKUD|-|DUG~b×SUKUD~d|-	|DUG~b×SUKUD~d|
o0902858	n	1(N01)--	1(N01)
o0900468	c	|DUG×ZATU779|-|DUG~b×ZATU779|-	|DUG~b×ZATU779|
o0902858	n	1(N01)--	1(N01)
o0900412	c	|DUG×(NI@g.ZATU779)|-|DUG~b×(NI~a@g.ZATU779)|-	|DUG~b×(NI~a@g.ZATU779)|
o0902858	n	1(N01)--	1(N01)
o0900439	c	|DUG×TAK₄|-|DUG~b×TAK₄~a|-	|DUG~b×TAK₄~a|
o0902858	n	1(N01)--	1(N01)
o0900461	c	|DUG×X|-|DUG~b×X|-	|DUG~b×X|
o0902858	n	1(N01)--	1(N01)
o0900425	c	|DUG×SIG₇|-|DUG~b×SIG₇|-	|DUG~b×SIG₇|
o0902858	n	1(N01)--	1(N01)
o0902858	n	1(N01)--	1(N01)
o0902858	n	1(N01)--	1(N01)
o0902858	n	1(N01)--	1(N01)
o0900461	c	|DUG×X|-|DUG~b×X|-	|DUG~b×X|
o0902858	n	1(N01)--	1(N01)
o0900461	c	|DUG×X|-|DUG~b×X|-	|DUG~b×X|
o0902858	n	1(N01)--	1(N01)
o0900461	c	|DUG×X|-|DUG~b×X|-	|DUG~b×X|
o0902858	n	1(N01)--	1(N01)
o0902858	n	1(N01)--	1(N01)
o0903059	n	1(N34)--	1(N34)
o0902929	n	1(N14)--	1(N14)
o0902858	n	1(N01)--	1(N01)
o0901709	s	SANGA-SANGA~a-	SANGA~a
o0900779	s	GAR--	GAR
o0900077	s	AMA-AMA~a-	AMA~a
o0902866	n	9(N01)--	9(N01)
o0901361	s	MAR-MAR~a-	MAR~a
o0901437	s	NA-NA~a-	NA~a
o0902243	s	UDU-UDU~a-	UDU~a
o0902690	s	ZATU749-ZATU749~b-	ZATU749~b
o0902864	n	7(N01)--	7(N01)
o0902243	s	UDU-UDU~a-	UDU~a
o0902690	s	ZATU749-ZATU749~b-	ZATU749~b
o0902788	s	ZATU821--	ZATU821
o0900806	s	GI--	GI
o0901524	s	NIN--	NIN
o0901746	s	SIG--	SIG
o0902102	s	TE--	TE
o0901659	s	RAD-RAD~a-	RAD~a
o0901709	s	SANGA-SANGA~a-	SANGA~a
o0902929	n	1(N14)--	1(N14)
o0902863	n	6(N01)--	6(N01)
o0902243	s	UDU-UDU~a-	UDU~a
o0900312	s	DUB-DUB~a-	DUB~a
o0902690	s	ZATU749-ZATU749~b-	ZATU749~b
o0901746	s	SIG--	SIG
o0901524	s	NIN--	NIN
o0902858	n	1(N01)--	1(N01)
o0901639	s	PAP-PAP~a-	PAP~a
o0900229	s	DAR-DAR~b-	DAR~b
o0902858	n	1(N01)--	1(N01)
o0900513	s	EN-EN~a-	EN~a
o0901060	s	KAL-KAL~b2-	KAL~b2
o0900175	s	BU-BU~a-	BU~a
o0901376	s	MAŠ--	MAŠ
o0902858	n	1(N01)--	1(N01)
o0903268	n	6(N57)--	6(N57)
o0900494	s	E₂-E₂~b-	E₂~b
o0902858	n	1(N01)--	1(N01)
o0900175	s	BU-BU~a-	BU~a
o0901468	s	NAM₂--	NAM₂
o0901639	s	PAP-PAP~a-	PAP~a
o0902858	n	1(N01)--	1(N01)
o0902243	s	UDU-UDU~a-	UDU~a
o0901648	s	PIRIG-PIRIG~b1-	PIRIG~b1
o0903234	n	3(N57)--	3(N57)
o0902858	n	1(N01)--	1(N01)
o0901082	s	KAŠ-KAŠ~c-	KAŠ~c
o0900513	s	EN-EN~a-	EN~a
o0903234	n	3(N57)--	3(N57)
o0902858	n	1(N01)--	1(N01)
o0902033	s	ŠU--	ŠU
o0902033	s	ŠU--	ŠU
o0902858	n	1(N01)--	1(N01)
o0902094	s	TAK₄-TAK₄~a-	TAK₄~a
o0901677	s	SAG--	SAG
o0902858	n	1(N01)--	1(N01)
o0902033	s	ŠU--	ŠU
o0900493	s	E₂-E₂~a-	E₂~a
o0901625	s	PA-PA~a-	PA~a
o0902858	n	1(N01)--	1(N01)
o0901625	s	PA-PA~a-	PA~a
o0902139	s	TUR--	TUR
o0902858	n	1(N01)--	1(N01)
o0900175	s	BU-BU~a-	BU~a
o0901625	s	PA-PA~a-	PA~a
o0902339	s	URU-URU~a1-	URU~a1
o0902929	n	1(N14)--	1(N14)
o0902858	n	1(N01)--	1(N01)
o0900494	s	E₂-E₂~b-	E₂~b
o0901625	s	PA-PA~a-	PA~a
o0900115	s	BA--	BA
o0902930	n	2(N14)--	2(N14)
o0902243	s	UDU-UDU~a-	UDU~a
o0901697	s	SAL--	SAL
o0902860	n	3(N01)--	3(N01)
o0902250	s	UDUNITA-UDUNITA~a-	UDUNITA~a
o0902859	n	2(N01)--	2(N01)
o0901377	s	MAŠ₂--	MAŠ₂
o0902033	s	ŠU--	ŠU
o0902929	n	1(N14)--	1(N14)
o0900912	s	GU₇--	GU₇
o0901659	s	RAD-RAD~a-	RAD~a
o0902860	n	3(N01)--	3(N01)
o0901946	s	ŠE-ŠE~a-	ŠE~a
o0902862	n	5(N01)--	5(N01)
o0902243	s	UDU-UDU~a-	UDU~a
o0902858	n	1(N01)--	1(N01)
o0901080	s	KAŠ-KAŠ~b-	KAŠ~b
o0902930	n	2(N14)--	2(N14)
o0900779	s	GAR--	GAR
o0902858	n	1(N01)--	1(N01)
o0902004	s	ŠITA-ŠITA~a1-	ŠITA~a1
o0901501	s	NI-NI~a-	NI~a
o0901419	s	MUŠ₃-MUŠ₃~a-	MUŠ₃~a
o0901380	s	ME-ME~a-	ME~a
o0901280	s	LAL₃-LAL₃~b-	LAL₃~b
o0902063	s	ŠUR₂-ŠUR₂~a-	ŠUR₂~a
o0902933	n	4(N14)--	4(N14)
o0901697	s	SAL--	SAL
o0901090	s	KI--	KI
o0901724	s	SI--	SI
o0900960	s	HI--	HI
o0902865	n	8(N01)--	8(N01)
o0902243	s	UDU-UDU~a-	UDU~a
o0902929	n	1(N14)--	1(N14)
o0901910	s	ŠA--	ŠA
o0901946	s	ŠE-ŠE~a-	ŠE~a
o0902248	c	|UDU×TAR|-|UDU~a×TAR~b|-	|(UDU~a×TAR)~b|
o0902859	n	2(N01)--	2(N01)
o0902930	n	2(N14)--	2(N14)
o0901464	s	NAM-NAM~a-	NAM~a
o0902060	s	ŠUBUR--	ŠUBUR
o0902861	n	4(N01)--	4(N01)
o0902932	n	3(N14)--	3(N14)
o0900513	s	EN-EN~a-	EN~a
o0900279	s	DU--	DU
o0903368	s	X--	X
o0902863	n	6(N01)--	6(N01)
o0902929	n	1(N14)--	1(N14)
o0903368	s	X--	X
o0902859	n	2(N01)--	2(N01)
o0902859	n	2(N01)--	2(N01)
o0902929	n	1(N14)--	1(N14)
o0901187	s	LAGAB-LAGAB~b-	LAGAB~b
o0901098	s	KID-KID~b-	KID~b
o0902859	n	2(N01)--	2(N01)
o0902929	n	1(N14)--	1(N14)
o0901697	s	SAL--	SAL
o0902697	s	ZATU751-ZATU751~a-	ZATU751~a
o0902859	n	2(N01)--	2(N01)
o0903005	n	1(N22)--	1(N22)
o0902860	n	3(N01)--	3(N01)
o0903368	s	X--	X
o0901697	s	SAL--	SAL
o0901090	s	KI--	KI
o0900960	s	HI--	HI
o0902858	n	1(N01)--	1(N01)
o0903005	n	1(N22)--	1(N22)
o0902860	n	3(N01)--	3(N01)
o0902453	s	ZATU628-ZATU628~a-	ZATU628~a
o0900089	s	AN--	AN
o0900836	s	GI₆--	GI₆
o0902858	n	1(N01)--	1(N01)
o0902929	n	1(N14)--	1(N14)
o0900778	s	GAN₂--	GAN₂
o0900960	s	HI--	HI
o0902859	n	2(N01)--	2(N01)
o0902929	n	1(N14)--	1(N14)
o0902060	s	ŠUBUR--	ŠUBUR
o0901392	s	MU--	MU
o0902859	n	2(N01)--	2(N01)
o0902929	n	1(N14)--	1(N14)
o0900513	s	EN-EN~a-	EN~a
o0901625	s	PA-PA~a-	PA~a
o0902859	n	2(N01)--	2(N01)
o0902929	n	1(N14)--	1(N14)
o0903368	s	X--	X
o0902859	n	2(N01)--	2(N01)
o0903174	n	1(N50)--	1(N50)
o0901625	s	PA-PA~a-	PA~a
o0902930	n	2(N14)--	2(N14)
o0902243	s	UDU-UDU~a-	UDU~a
o0900493	s	E₂-E₂~a-	E₂~a
o0902930	n	2(N14)--	2(N14)
o0902506	s	ZATU659--	ZATU659
o0903368	s	X--	X
o0902861	n	4(N01)--	4(N01)
o0902929	n	1(N14)--	1(N14)
o0900960	s	HI--	HI
o0900513	s	EN-EN~a-	EN~a
o0902859	n	2(N01)--	2(N01)
o0902930	n	2(N14)--	2(N14)
o0901625	s	PA-PA~a-	PA~a
o0903234	n	3(N57)--	3(N57)
o0900493	s	E₂-E₂~a-	E₂~a
o0902339	s	URU-URU~a1-	URU~a1
o0902861	n	4(N01)--	4(N01)
o0902958	n	4(N15)--	4(N15)
o0900493	s	E₂-E₂~a-	E₂~a
o0901625	s	PA-PA~a-	PA~a
o0902957	n	3(N15)--	3(N15)
o0901022	s	IŠ-IŠ~b-	IŠ~b
o0901659	s	RAD-RAD~a-	RAD~a
o0902955	n	1(N15)--	1(N15)
o0902033	s	ŠU--	ŠU
o0902139	s	TUR--	TUR
o0902955	n	1(N15)--	1(N15)
o0900089	s	AN--	AN
o0902339	s	URU-URU~a1-	URU~a1
o0900513	s	EN-EN~a-	EN~a
o0902929	n	1(N14)--	1(N14)
o0901000	s	IM-IM~a-	IM~a
o0902929	n	1(N14)--	1(N14)
o0900493	s	E₂-E₂~a-	E₂~a
o0901452	s	NAGA-NAGA~a-	NAGA~a
o0901724	s	SI--	SI
o0903177	n	4(N50)--	4(N50)
o0902932	n	3(N14)--	3(N14)
o0901376	s	MAŠ--	MAŠ
o0900778	s	GAN₂--	GAN₂
o0903059	n	1(N34)--	1(N34)
o0902930	n	2(N14)--	2(N14)
o0902863	n	6(N01)--	6(N01)
o0903210	n	1(N57)--	1(N57)
o0903175	n	2(N50)--	2(N50)
o0902932	n	3(N14)--	3(N14)
o0900968	c	|HI×1(N57)|--	|HI×1(N57)|
o0902706	s	ZATU756--	ZATU756
o0903134	n	1(N45)--	1(N45)
o0902937	n	6(N14)-6(N14)~v1-	6(N14)
o0900860	s	GIR₃-GIR₃~c-	GIR₃~c
o0902860	n	3(N01)--	3(N01)
o0900890	s	GIŠ₃-GIŠ₃~b-	GIŠ₃~b
o0900000	s	A--	A
o0903368	s	X--	X
o0902859	n	2(N01)--	2(N01)
o0901483	s	NE-NE~a-	NE~a
o0901137	s	KU-KU~b1-	KU~b1
o0902858	n	1(N01)--	1(N01)
o0901137	s	KU-KU~b1-	KU~b1
o0900089	s	AN--	AN
o0902858	n	1(N01)--	1(N01)
o0901481	s	NAR--	NAR
o0901670	s	RU--	RU
o0900217	s	DA-DA~a-	DA~a
o0902858	n	1(N01)--	1(N01)
o0900981	s	I--	I
o0900836	s	GI₆--	GI₆
o0902858	n	1(N01)--	1(N01)
o0901501	s	NI-NI~a-	NI~a
o0900860	s	GIR₃-GIR₃~c-	GIR₃~c
o0900485	s	DUR₂--	DUR₂
o0902858	n	1(N01)--	1(N01)
o0902859	n	2(N01)--	2(N01)
o0901481	s	NAR--	NAR
o0901670	s	RU--	RU
o0900217	s	DA-DA~a-	DA~a
o0902858	n	1(N01)--	1(N01)
o0900906	s	GU--	GU
o0902094	s	TAK₄-TAK₄~a-	TAK₄~a
o0900000	s	A--	A
o0902861	n	4(N01)--	4(N01)
o0900806	s	GI--	GI
o0902829	s	ZI-ZI~a-	ZI~a
o0902858	n	1(N01)--	1(N01)
o0901501	s	NI-NI~a-	NI~a
o0900938	s	GUM-GUM~b-	GUM~b
o0902858	n	1(N01)--	1(N01)
o0901724	s	SI--	SI
o0901481	s	NAR--	NAR
o0900089	s	AN--	AN
o0902039	s	ŠU₂-ŠU₂~a-	ŠU₂
o0903368	s	X--	X
o0902858	n	1(N01)--	1(N01)
o0900089	s	AN--	AN
o0901501	s	NI-NI~a-	NI~a
o0902033	s	ŠU--	ŠU
o0902858	n	1(N01)--	1(N01)
o0901082	s	KAŠ-KAŠ~c-	KAŠ~c
o0900485	s	DUR₂--	DUR₂
o0902858	n	1(N01)--	1(N01)
o0900089	s	AN--	AN
o0900217	s	DA-DA~a-	DA~a
o0900906	s	GU--	GU
o0902861	n	4(N01)--	4(N01)
o0900089	s	AN--	AN
o0901030	s	KA-KA~a-	KA~a
o0900906	s	GU--	GU
o0902858	n	1(N01)--	1(N01)
o0903368	s	X--	X
o0903368	s	X--	X
o0902858	n	1(N01)--	1(N01)
o0900115	s	BA--	BA
o0901501	s	NI-NI~a-	NI~a
o0901414	s	MUNŠUB-MUNŠUB~b-	MUNŠUB~b
o0902858	n	1(N01)--	1(N01)
o0900089	s	AN--	AN
o0901918	s	ŠA₃-ŠA₃~a1-	ŠA₃~a1
o0902309	s	UR₂--	UR₂
o0902858	n	1(N01)--	1(N01)
o0900089	s	AN--	AN
o0900053	s	AD-AD~a-	AD~a
o0900000	s	A--	A
o0902858	n	1(N01)--	1(N01)
o0900089	s	AN--	AN
o0900217	s	DA-DA~a-	DA~a
o0902039	s	ŠU₂-ŠU₂~a-	ŠU₂
o0900806	s	GI--	GI
o0902860	n	3(N01)--	3(N01)
o0901639	s	PAP-PAP~a-	PAP~a
o0901431	c	|MUŠEN×2(N57)|--	|MUŠEN×2(N57)|
o0902858	n	1(N01)--	1(N01)
o0901414	s	MUNŠUB-MUNŠUB~b-	MUNŠUB~b
o0901184	s	LA₂--	LA₂
o0901414	s	MUNŠUB-MUNŠUB~b-	MUNŠUB~b
o0902861	n	4(N01)--	4(N01)
o0901501	s	NI-NI~a-	NI~a
o0900000	s	A--	A
o0902861	n	4(N01)--	4(N01)
o0902506	s	ZATU659--	ZATU659
o0902861	n	4(N01)--	4(N01)
o0902506	s	ZATU659--	ZATU659
o0902859	n	2(N01)--	2(N01)
o0901437	s	NA-NA~a-	NA~a
o0901082	s	KAŠ-KAŠ~c-	KAŠ~c
o0902859	n	2(N01)--	2(N01)
o0901437	s	NA-NA~a-	NA~a
o0901145	s	KU₆-KU₆~a-	KU₆~a
o0900000	s	A--	A
o0902858	n	1(N01)--	1(N01)
o0903234	n	3(N57)--	3(N57)
o0900529	s	EN₂--	EN₂
o0903368	s	X--	X
o0901639	s	PAP-PAP~a-	PAP~a
o0902858	n	1(N01)--	1(N01)
o0902033	s	ŠU--	ŠU
o0900041	s	AB₂--	AB₂
o0901659	s	RAD-RAD~a-	RAD~a
o0901426	s	MUŠEN--	MUŠEN
o0902859	n	2(N01)--	2(N01)
o0901697	s	SAL--	SAL
o0900890	s	GIŠ₃-GIŠ₃~b-	GIŠ₃~b
o0901501	s	NI-NI~a-	NI~a
o0902862	n	5(N01)--	5(N01)
o0901516	s	NIM-NIM~a-	NIM~a
o0901724	s	SI--	SI
o0902858	n	1(N01)--	1(N01)
o0901128	s	KIŠ--	KIŠ
o0902859	n	2(N01)--	2(N01)
o0900890	s	GIŠ₃-GIŠ₃~b-	GIŠ₃~b
o0900000	s	A--	A
o0901697	s	SAL--	SAL
o0901313	s	MA--	MA
o0902858	n	1(N01)--	1(N01)
o0900064	s	AL--	AL
o0900012	s	AB-AB~a-	AB~a
o0902860	n	3(N01)--	3(N01)
o0900089	s	AN--	AN
o0901501	s	NI-NI~a-	NI~a
o0902033	s	ŠU--	ŠU
o0902860	n	3(N01)--	3(N01)
o0902033	s	ŠU--	ŠU
o0900041	s	AB₂--	AB₂
o0902859	n	2(N01)--	2(N01)
o0901145	s	KU₆-KU₆~a-	KU₆~a
o0900000	s	A--	A
o0902859	n	2(N01)--	2(N01)
o0900493	s	E₂-E₂~a-	E₂~a
o0902103	s	TI--	TI
o0902859	n	2(N01)--	2(N01)
o0900883	c	|GIŠ×ŠU₂|-|GIŠ×ŠU₂~a|-	|GIŠ×ŠU₂~a|
o0901517	s	NIM-NIM~b1-	NIM~b1
o0902860	n	3(N01)--	3(N01)
o0901724	s	SI--	SI
o0902136	s	TUN₃-TUN₃~a-	TUN₃~a
o0903059	n	1(N34)--	1(N34)
o0900154	s	BAR--	BAR
o0900041	s	AB₂--	AB₂
o0900089	s	AN--	AN
o0901623	s	NUNUZ@t-NUNUZ~a1@t-	NUNUZ~a1@t
o0902293	s	UNUG-UNUG~a-	UNUG~a
o0901262	s	LAGAR-LAGAR~a-	LAGAR~a
o0901697	s	SAL--	SAL
o0900485	s	DUR₂--	DUR₂
o0902860	n	3(N01)--	3(N01)
o0902220	s	U₈--	U₈
o0902929	n	1(N14)--	1(N14)
o0902865	n	8(N01)--	8(N01)
o0902234	s	UD₅-UD₅~a-	UD₅~a
o0902858	n	1(N01)--	1(N01)
o0902400	s	UTUA-UTUA~a-	UTUA~a
o0902862	n	5(N01)--	5(N01)
o0902250	s	UDUNITA-UDUNITA~a-	UDUNITA~a
o0902865	n	8(N01)--	8(N01)
o0901593	s	NUN-NUN~b-	NUN~b
o0902929	n	1(N14)--	1(N14)
o0901377	s	MAŠ₂--	MAŠ₂
o0902933	n	4(N14)--	4(N14)
o0902862	n	5(N01)--	5(N01)
o0902243	s	UDU-UDU~a-	UDU~a
o0902858	n	1(N01)--	1(N01)
o0902033	s	ŠU--	ŠU
o0900041	s	AB₂--	AB₂
o0903059	n	1(N34)--	1(N34)
o0901483	s	NE-NE~a-	NE~a
o0901614	s	NUNUZ-NUNUZ~a1-	NUNUZ~a1
o0902858	n	1(N01)--	1(N01)
o0901128	s	KIŠ--	KIŠ
o0901158	s	KUR-KUR~a-	KUR~a
o0901724	s	SI--	SI
o0901697	s	SAL--	SAL
o0902293	s	UNUG-UNUG~a-	UNUG~a
o0901262	s	LAGAR-LAGAR~a-	LAGAR~a
o0900485	s	DUR₂--	DUR₂
o0903368	s	X--	X
o0903368	s	X--	X
o0902858	n	1(N01)--	1(N01)
o0902139	s	TUR--	TUR
o0901918	s	ŠA₃-ŠA₃~a1-	ŠA₃~a1
o0901481	s	NAR--	NAR
o0902858	n	1(N01)--	1(N01)
o0900616	s	GA₂-GA₂~a1-	GA₂~a1
o0901918	s	ŠA₃-ŠA₃~a1-	ŠA₃~a1
o0900493	s	E₂-E₂~a-	E₂~a
o0901724	s	SI--	SI
o0901380	s	ME-ME~a-	ME~a
o0902858	n	1(N01)--	1(N01)
o0900779	s	GAR--	GAR
o0903368	s	X--	X
o0903368	s	X--	X
o0902858	n	1(N01)--	1(N01)
o0901639	s	PAP-PAP~a-	PAP~a
o0903368	s	X--	X
o0901284	s	LAM-LAM~b-	LAM~b
o0902858	n	1(N01)--	1(N01)
o0900082	s	AMAR--	AMAR
o0900513	s	EN-EN~a-	EN~a
o0900089	s	AN--	AN
o0902290	s	UMUN₂--	UMUN₂
o0902858	n	1(N01)--	1(N01)
o0901145	s	KU₆-KU₆~a-	KU₆~a
o0903368	s	X--	X
o0902858	n	1(N01)--	1(N01)
o0901697	s	SAL--	SAL
o0902033	s	ŠU--	ŠU
o0901639	s	PAP-PAP~a-	PAP~a
o0900513	s	EN-EN~a-	EN~a
o0900175	s	BU-BU~a-	BU~a
o0903210	n	1(N57)--	1(N57)
o0901941	s	ŠAM₂--	ŠAM₂
o0900617	s	GA₂-GA₂~a2-	GA₂~a2
o0901493	s	NESAG₂-NESAG₂~a-	NESAG₂~a
o0903368	s	X--	X
o0903210	n	1(N57)--	1(N57)
o0900115	s	BA--	BA
o0902864	n	7(N01)--	7(N01)
o0901501	s	NI-NI~a-	NI~a
o0901483	s	NE-NE~a-	NE~a
o0903368	s	X--	X
o0901677	s	SAG--	SAG
o0902864	n	7(N01)--	7(N01)
o0902506	s	ZATU659--	ZATU659
o0901186	s	LAGAB-LAGAB~a-	LAGAB~a
o0903062	n	3(N34)--	3(N34)
o0902858	n	1(N01)--	1(N01)
o0903210	n	1(N57)--	1(N57)
o0900115	s	BA--	BA
o0900875	s	GIŠ--	GIŠ
o0903368	s	X--	X
o0902859	n	2(N01)--	2(N01)
o0902220	s	U₈--	U₈
o0902930	n	2(N14)--	2(N14)
o0902860	n	3(N01)--	3(N01)
o0902234	s	UD₅-UD₅~a-	UD₅~a
o0902858	n	1(N01)--	1(N01)
o0902400	s	UTUA-UTUA~a-	UTUA~a
o0902859	n	2(N01)--	2(N01)
o0902859	n	2(N01)--	2(N01)
o0903368	s	X--	X
o0902506	s	ZATU659--	ZATU659
o0901452	s	NAGA-NAGA~a-	NAGA~a
o0901426	s	MUŠEN--	MUŠEN
o0901659	s	RAD-RAD~a-	RAD~a
o0902506	s	ZATU659--	ZATU659
o0902858	n	1(N01)--	1(N01)
o0902859	n	2(N01)--	2(N01)
o0901771	s	SIG₇--	SIG₇
o0903234	n	3(N57)--	3(N57)
o0900532	c	|EN₂.E₂|-|EN₂.E₂~b|-	|EN₂.E₂~b|
o0900513	s	EN-EN~a-	EN~a
o0903368	s	X--	X
o0902874	n	5(N02)--	5(N02)
o0901639	s	PAP-PAP~a-	PAP~a
o0900956	s	HAL--	HAL
o0902161	s	U₄--	U₄
o0900513	s	EN-EN~a-	EN~a
o0900616	s	GA₂-GA₂~a1-	GA₂~a1
o0902161	s	U₄--	U₄
o0900513	s	EN-EN~a-	EN~a
o0900494	s	E₂-E₂~b-	E₂~b
o0902227	s	UB--	UB
o0901145	s	KU₆-KU₆~a-	KU₆~a
o0902884	n	1(N04)--	1(N04)
o0903210	n	1(N57)--	1(N57)
o0901407	s	MUN-MUN~a1-	MUN~a1
o0902935	n	5(N14)-5(N14)~v1-	5(N14)
o0902862	n	5(N01)--	5(N01)
o0903210	n	1(N57)--	1(N57)
o0903222	n	2(N57)--	2(N57)
o0901407	s	MUN-MUN~a1-	MUN~a1
o0902929	n	1(N14)--	1(N14)
o0902864	n	7(N01)--	7(N01)
o0900115	s	BA--	BA
o0902932	n	3(N14)--	3(N14)
o0902865	n	8(N01)--	8(N01)
o0900806	s	GI--	GI
o0902858	n	1(N01)--	1(N01)
o0900983	s	IB-IB~a-	IB~a
o0902858	n	1(N01)--	1(N01)
o0902929	n	1(N14)--	1(N14)
o0900513	s	EN-EN~a-	EN~a
o0901757	s	SIG₂-SIG₂~b-	SIG₂~b
o0901082	s	KAŠ-KAŠ~c-	KAŠ~c
o0900089	s	AN--	AN
o0902859	n	2(N01)--	2(N01)
o0902243	s	UDU-UDU~a-	UDU~a
o0902932	n	3(N14)--	3(N14)
o0902243	s	UDU-UDU~a-	UDU~a
o0902929	n	1(N14)--	1(N14)
o0902862	n	5(N01)--	5(N01)
o0902220	s	U₈--	U₈
o0902929	n	1(N14)--	1(N14)
o0902862	n	5(N01)--	5(N01)
o0902234	s	UD₅-UD₅~a-	UD₅~a
o0902859	n	2(N01)--	2(N01)
o0901757	s	SIG₂-SIG₂~b-	SIG₂~b
o0903234	n	3(N57)--	3(N57)
o0901709	s	SANGA-SANGA~a-	SANGA~a
o0902116	s	TUG₂-TUG₂~a-	TUG₂~a
o0901158	s	KUR-KUR~a-	KUR~a
o0902033	s	ŠU--	ŠU
o0902139	s	TUR--	TUR
o0902859	n	2(N01)--	2(N01)
o0902575	s	ZATU694-ZATU694~c-	ZATU694~c
o0900217	s	DA-DA~a-	DA~a
o0900217	s	DA-DA~a-	DA~a
o0901501	s	NI-NI~a-	NI~a
o0901961	s	ŠE@t-ŠE~a@t-	ŠE~a@t
o0900089	s	AN--	AN
o0900260	s	DI--	DI
o0901659	s	RAD-RAD~a-	RAD~a
o0902858	n	1(N01)--	1(N01)
o0901082	s	KAŠ-KAŠ~c-	KAŠ~c
o0902661	c	|ZATU737×E|-|ZATU737×E~a|-	|ZATU737×E~a|
o0900729	s	GAL-GAL~a-	GAL~a
o0901709	s	SANGA-SANGA~a-	SANGA~a
o0902859	n	2(N01)--	2(N01)
o0902234	s	UD₅-UD₅~a-	UD₅~a
o0900260	s	DI--	DI
o0900000	s	A--	A
o0902858	n	1(N01)--	1(N01)
o0901377	s	MAŠ₂--	MAŠ₂
o0900729	s	GAL-GAL~a-	GAL~a
o0901709	s	SANGA-SANGA~a-	SANGA~a
o0900729	s	GAL-GAL~a-	GAL~a
o0902860	n	3(N01)--	3(N01)
o0900154	s	BAR--	BAR
o0901501	s	NI-NI~a-	NI~a
o0901961	s	ŠE@t-ŠE~a@t-	ŠE~a@t
o0900089	s	AN--	AN
o0902861	n	4(N01)--	4(N01)
o0902094	s	TAK₄-TAK₄~a-	TAK₄~a
o0900000	s	A--	A
o0900906	s	GU--	GU
o0902860	n	3(N01)--	3(N01)
o0901501	s	NI-NI~a-	NI~a
o0901426	s	MUŠEN--	MUŠEN
o0901376	s	MAŠ--	MAŠ
o0902858	n	1(N01)--	1(N01)
o0901724	s	SI--	SI
o0901184	s	LA₂--	LA₂
o0900089	s	AN--	AN
o0902859	n	2(N01)--	2(N01)
o0901426	s	MUŠEN--	MUŠEN
o0900053	s	AD-AD~a-	AD~a
o0900806	s	GI--	GI
o0902858	n	1(N01)--	1(N01)
o0901184	s	LA₂--	LA₂
o0901437	s	NA-NA~a-	NA~a
o0902858	n	1(N01)--	1(N01)
o0901082	s	KAŠ-KAŠ~c-	KAŠ~c
o0901361	s	MAR-MAR~a-	MAR~a
o0902859	n	2(N01)--	2(N01)
o0902858	n	1(N01)--	1(N01)
o0900906	s	GU--	GU
o0901614	s	NUNUZ-NUNUZ~a1-	NUNUZ~a1
o0902858	n	1(N01)--	1(N01)
o0900914	s	GU₄@g--	GU₄@g
o0900976	s	HI@g-HI@g~a-	HI@g~a
o0900064	s	AL--	AL
o0902860	n	3(N01)--	3(N01)
o0902094	s	TAK₄-TAK₄~a-	TAK₄~a
o0900000	s	A--	A
o0900513	s	EN-EN~a-	EN~a
o0902859	n	2(N01)--	2(N01)
o0901724	s	SI--	SI
o0900890	s	GIŠ₃-GIŠ₃~b-	GIŠ₃~b
o0901483	s	NE-NE~a-	NE~a
o0903059	n	1(N34)--	1(N34)
o0900115	s	BA--	BA
o0901614	s	NUNUZ-NUNUZ~a1-	NUNUZ~a1
o0900089	s	AN--	AN
o0900154	s	BAR--	BAR
o0902858	n	1(N01)--	1(N01)
o0903368	s	X--	X
o0900089	s	AN--	AN
o0902858	n	1(N01)--	1(N01)
o0903257	n	4(N57)--	4(N57)
o0901145	s	KU₆-KU₆~a-	KU₆~a
o0901501	s	NI-NI~a-	NI~a
o0902860	n	3(N01)--	3(N01)
o0902243	s	UDU-UDU~a-	UDU~a
o0901030	s	KA-KA~a-	KA~a
o0902858	n	1(N01)--	1(N01)
o0900089	s	AN--	AN
o0902157	s	U₂-U₂~b-	U₂~b
o0900217	s	DA-DA~a-	DA~a
o0902858	n	1(N01)--	1(N01)
o0900254	s	DARA₄-DARA₄~c1-	DARA₄~c1
o0902789	s	ZATU822--	ZATU822
o0900000	s	A--	A
o0902859	n	2(N01)--	2(N01)
o0900836	s	GI₆--	GI₆
o0900000	s	A--	A
o0903368	s	X--	X
o0902858	n	1(N01)--	1(N01)
o0901184	s	LA₂--	LA₂
o0901751	s	SIG₂-SIG₂~a1-	SIG₂~a1
o0900890	s	GIŠ₃-GIŠ₃~b-	GIŠ₃~b
o0902858	n	1(N01)--	1(N01)
o0902234	s	UD₅-UD₅~a-	UD₅~a
o0902858	n	1(N01)--	1(N01)
o0900269	s	DIM-DIM~a-	DIM~a
o0900806	s	GI--	GI
o0902858	n	1(N01)--	1(N01)
o0900064	s	AL--	AL
o0901437	s	NA-NA~a-	NA~a
o0903222	n	2(N57)--	2(N57)
o0902858	n	1(N01)--	1(N01)
o0901437	s	NA-NA~a-	NA~a
o0901313	s	MA--	MA
o0901613	s	NUNUZ-NUNUZ~a0-	NUNUZ~a0
o0902859	n	2(N01)--	2(N01)
o0900836	s	GI₆--	GI₆
o0901158	s	KUR-KUR~a-	KUR~a
o0901613	s	NUNUZ-NUNUZ~a0-	NUNUZ~a0
o0902858	n	1(N01)--	1(N01)
o0900089	s	AN--	AN
o0901501	s	NI-NI~a-	NI~a
o0902858	n	1(N01)--	1(N01)
o0901501	s	NI-NI~a-	NI~a
o0900890	s	GIŠ₃-GIŠ₃~b-	GIŠ₃~b
o0900089	s	AN--	AN
o0901313	s	MA--	MA
o0900115	s	BA--	BA
o0900983	s	IB-IB~a-	IB~a
o0902332	s	URI₃-URI₃~a-	URI₃~a
o0901955	c	|ŠE.NAM₂|-|ŠE~a.NAM₂|-	|ŠE~a.NAM₂|
o0902929	n	1(N14)--	1(N14)
o0902864	n	7(N01)--	7(N01)
o0902234	s	UD₅-UD₅~a-	UD₅~a
o0902866	n	9(N01)--	9(N01)
o0902400	s	UTUA-UTUA~a-	UTUA~a
o0902865	n	8(N01)--	8(N01)
o0902250	s	UDUNITA-UDUNITA~a-	UDUNITA~a
o0902930	n	2(N14)--	2(N14)
o0902863	n	6(N01)--	6(N01)
o0901593	s	NUN-NUN~b-	NUN~b
o0902929	n	1(N14)--	1(N14)
o0902865	n	8(N01)--	8(N01)
o0903059	n	1(N34)--	1(N34)
o0902929	n	1(N14)--	1(N14)
o0902865	n	8(N01)--	8(N01)
o0902243	s	UDU-UDU~a-	UDU~a
o0902858	n	1(N01)--	1(N01)
o0900914	s	GU₄@g--	GU₄@g
o0903059	n	1(N34)--	1(N34)
o0901614	s	NUNUZ-NUNUZ~a1-	NUNUZ~a1
o0902992	n	2(N20)--	2(N20)
o0902896	n	3(N05)--	3(N05)
o0900115	s	BA--	BA
o0902894	n	1(N05)--	1(N05)
o0900806	s	GI--	GI
o0902929	n	1(N14)--	1(N14)
o0902861	n	4(N01)--	4(N01)
o0902243	s	UDU-UDU~a-	UDU~a
o0902860	n	3(N01)--	3(N01)
o0900806	s	GI--	GI
o0903196	n	1(N52)--	1(N52)
o0900115	s	BA--	BA
o0902992	n	2(N20)--	2(N20)
o0902894	n	1(N05)--	1(N05)
o0902896	n	3(N05)--	3(N05)
o0900806	s	GI--	GI
o0902929	n	1(N14)--	1(N14)
o0902860	n	3(N01)--	3(N01)
o0902243	s	UDU-UDU~a-	UDU~a
o0902862	n	5(N01)--	5(N01)
o0900806	s	GI--	GI
o0903196	n	1(N52)--	1(N52)
o0902859	n	2(N01)--	2(N01)
o0902039	s	ŠU₂-ŠU₂~a-	ŠU₂
o0902860	n	3(N01)--	3(N01)
o0901098	s	KID-KID~b-	KID~b
o0902858	n	1(N01)--	1(N01)
o0901481	s	NAR--	NAR
o0901870	s	SU-SU~a-	SU~a
o0902992	n	2(N20)--	2(N20)
o0902895	n	2(N05)--	2(N05)
o0900115	s	BA--	BA
o0902895	n	2(N05)--	2(N05)
o0900806	s	GI--	GI
o0902929	n	1(N14)--	1(N14)
o0902862	n	5(N01)--	5(N01)
o0902243	s	UDU-UDU~a-	UDU~a
o0902858	n	1(N01)--	1(N01)
o0900806	s	GI--	GI
o0903196	n	1(N52)--	1(N52)
o0902992	n	2(N20)--	2(N20)
o0902995	n	5(N20)--	5(N20)
o0902895	n	2(N05)--	2(N05)
o0900115	s	BA--	BA
o0900806	s	GI--	GI
o0902935	n	5(N14)-5(N14)~v1-	5(N14)
o0902858	n	1(N01)--	1(N01)
o0902243	s	UDU-UDU~a-	UDU~a
o0902933	n	4(N14)--	4(N14)
o0902859	n	2(N01)--	2(N01)
o0900115	s	BA--	BA
o0902866	n	9(N01)--	9(N01)
o0900806	s	GI--	GI
o0903198	n	3(N52)--	3(N52)
o0902859	n	2(N01)--	2(N01)
o0902039	s	ŠU₂-ŠU₂~a-	ŠU₂
o0902860	n	3(N01)--	3(N01)
o0901098	s	KID-KID~b-	KID~b
o0902858	n	1(N01)--	1(N01)
o0901481	s	NAR--	NAR
o0901870	s	SU-SU~a-	SU~a
o0903059	n	1(N34)--	1(N34)
o0901516	s	NIM-NIM~a-	NIM~a
o0903368	s	X--	X
o0903368	s	X--	X
o0902859	n	2(N01)--	2(N01)
o0900089	s	AN--	AN
o0900154	s	BAR--	BAR
o0900115	s	BA--	BA
o0902157	s	U₂-U₂~b-	U₂~b
o0902861	n	4(N01)--	4(N01)
o0903368	s	X--	X
o0901501	s	NI-NI~a-	NI~a
o0901501	s	NI-NI~a-	NI~a
o0902858	n	1(N01)--	1(N01)
o0902332	s	URI₃-URI₃~a-	URI₃~a
o0900983	s	IB-IB~a-	IB~a
o0902860	n	3(N01)--	3(N01)
o0902858	n	1(N01)--	1(N01)
o0902094	s	TAK₄-TAK₄~a-	TAK₄~a
o0901082	s	KAŠ-KAŠ~c-	KAŠ~c
o0903211	c	|1(N57).AB₂|--	|1(N57).AB₂|
o0902859	n	2(N01)--	2(N01)
o0900920	s	GUG₂--	GUG₂
o0901501	s	NI-NI~a-	NI~a
o0902859	n	2(N01)--	2(N01)
o0903368	s	X--	X
o0902858	n	1(N01)--	1(N01)
o0903368	s	X--	X
o0902859	n	2(N01)--	2(N01)
o0902690	s	ZATU749-ZATU749~b-	ZATU749~b
o0900254	s	DARA₄-DARA₄~c1-	DARA₄~c1
o0900000	s	A--	A
o0902859	n	2(N01)--	2(N01)
o0900906	s	GU--	GU
o0900617	s	GA₂-GA₂~a2-	GA₂~a2
o0902575	s	ZATU694-ZATU694~c-	ZATU694~c
o0902859	n	2(N01)--	2(N01)
o0900089	s	AN--	AN
o0900906	s	GU--	GU
o0900279	s	DU--	DU
o0902929	n	1(N14)--	1(N14)
o0902858	n	1(N01)--	1(N01)
o0901437	s	NA-NA~a-	NA~a
o0900064	s	AL--	AL
o0902858	n	1(N01)--	1(N01)
o0901376	s	MAŠ--	MAŠ
o0900484	s	DUR-DUR~b-	DUR~b
o0902859	n	2(N01)--	2(N01)
o0902332	s	URI₃-URI₃~a-	URI₃~a
o0900000	s	A--	A
o0902860	n	3(N01)--	3(N01)
o0900494	s	E₂-E₂~b-	E₂~b
o0901481	s	NAR--	NAR
o0901145	s	KU₆-KU₆~a-	KU₆~a
o0901659	s	RAD-RAD~a-	RAD~a
o0903061	n	2(N34)--	2(N34)
o0901483	s	NE-NE~a-	NE~a
o0901615	s	NUNUZ-NUNUZ~a2-	NUNUZ~a2
o0902858	n	1(N01)--	1(N01)
o0902136	s	TUN₃-TUN₃~a-	TUN₃~a
o0903368	s	X--	X
o0903368	s	X--	X
o0901145	s	KU₆-KU₆~a-	KU₆~a
o0901659	s	RAD-RAD~a-	RAD~a
o0903368	s	X--	X
o0900089	s	AN--	AN
o0901904	s	SUM-SUM~b-	SUM~b
o0901090	s	KI--	KI
o0902243	s	UDU-UDU~a-	UDU~a
o0902234	s	UD₅-UD₅~a-	UD₅~a
o0902859	n	2(N01)--	2(N01)
o0902400	s	UTUA-UTUA~a-	UTUA~a
o0902250	s	UDUNITA-UDUNITA~a-	UDUNITA~a
o0902861	n	4(N01)--	4(N01)
o0901593	s	NUN-NUN~b-	NUN~b
o0902858	n	1(N01)--	1(N01)
o0903368	s	X--	X
o0901709	s	SANGA-SANGA~a-	SANGA~a
o0902858	n	1(N01)--	1(N01)
o0901231	c	|LAGAB×PA|-|LAGAB~a×PA~a|-	|LAGAB~a×PA~a|
o0902859	n	2(N01)--	2(N01)
o0902250	s	UDUNITA-UDUNITA~a-	UDUNITA~a
o0902859	n	2(N01)--	2(N01)
o0901377	s	MAŠ₂--	MAŠ₂
o0900260	s	DI--	DI
o0901659	s	RAD-RAD~a-	RAD~a
o0902861	n	4(N01)--	4(N01)
o0901377	s	MAŠ₂--	MAŠ₂
o0903368	s	X--	X
o0902858	n	1(N01)--	1(N01)
o0902234	s	UD₅-UD₅~a-	UD₅~a
o0902858	n	1(N01)--	1(N01)
o0902250	s	UDUNITA-UDUNITA~a-	UDUNITA~a
o0902858	n	1(N01)--	1(N01)
o0903368	s	X--	X
o0902858	n	1(N01)--	1(N01)
o0903368	s	X--	X
o0902400	s	UTUA-UTUA~a-	UTUA~a
o0902860	n	3(N01)--	3(N01)
o0902250	s	UDUNITA-UDUNITA~a-	UDUNITA~a
o0902861	n	4(N01)--	4(N01)
o0901593	s	NUN-NUN~b-	NUN~b
o0902862	n	5(N01)--	5(N01)
o0901377	s	MAŠ₂--	MAŠ₂
o0901593	s	NUN-NUN~b-	NUN~b
o0900871	s	GIR₃@g-GIR₃@g~c-	GIR₃@g~c
o0900279	s	DU--	DU
o0902858	n	1(N01)--	1(N01)
o0901724	s	SI--	SI
o0900249	s	DARA₄-DARA₄~a1-	DARA₄~a1
o0903368	s	X--	X
o0900513	s	EN-EN~a-	EN~a
o0900552	s	EZEN-EZEN~b-	EZEN~b
o0902858	n	1(N01)--	1(N01)
o0900493	s	E₂-E₂~a-	E₂~a
o0901724	s	SI--	SI
o0900249	s	DARA₄-DARA₄~a1-	DARA₄~a1
o0902858	n	1(N01)--	1(N01)
o0902033	s	ŠU--	ŠU
o0902033	s	ŠU--	ŠU
o0902858	n	1(N01)--	1(N01)
o0900012	s	AB-AB~a-	AB~a
o0901145	s	KU₆-KU₆~a-	KU₆~a
o0902869	n	1(N02)--	1(N02)
o0902060	s	ŠUBUR--	ŠUBUR
o0900175	s	BU-BU~a-	BU~a
o0900806	s	GI--	GI
o0900513	s	EN-EN~a-	EN~a
o0900279	s	DU--	DU
o0900089	s	AN--	AN
o0902858	n	1(N01)--	1(N01)
o0902208	c	|U₄×3(N57)|--	|U₄×3(N57)|
o0901426	s	MUŠEN--	MUŠEN
o0902506	s	ZATU659--	ZATU659
o0900513	s	EN-EN~a-	EN~a
o0900089	s	AN--	AN
o0902858	n	1(N01)--	1(N01)
o0900279	s	DU--	DU
o0902139	s	TUR--	TUR
o0900513	s	EN-EN~a-	EN~a
o0902044	c	|ŠU₂.E₂|-|ŠU₂~b.E₂~b|-	|ŠU₂.E₂~b|
o0902858	n	1(N01)--	1(N01)
o0900279	s	DU--	DU
o0903368	s	X--	X
o0902860	n	3(N01)--	3(N01)
o0901746	s	SIG--	SIG
o0901659	s	RAD-RAD~a-	RAD~a
o0901000	s	IM-IM~a-	IM~a
o0903285	n	3(N58)--	3(N58)
o0900494	s	E₂-E₂~b-	E₂~b
o0902107	s	TI@t--	TI@t
o0900860	s	GIR₃-GIR₃~c-	GIR₃~c
o0900089	s	AN--	AN
o0903016	n	1(N24)--	1(N24)
o0900279	s	DU--	DU
o0901145	s	KU₆-KU₆~a-	KU₆~a
o0901746	s	SIG--	SIG
o0901659	s	RAD-RAD~a-	RAD~a
o0902869	n	1(N02)--	1(N02)
o0903368	s	X--	X
o0903368	s	X--	X
o0903368	s	X--	X
o0902858	n	1(N01)--	1(N01)
o0901870	s	SU-SU~a-	SU~a
o0902859	n	2(N01)--	2(N01)
o0900154	s	BAR--	BAR
o0900977	s	HI@g-HI@g~b-	HI@g~b
o0901516	s	NIM-NIM~a-	NIM~a
o0902139	s	TUR--	TUR
o0902859	n	2(N01)--	2(N01)
o0901697	s	SAL--	SAL
o0902293	s	UNUG-UNUG~a-	UNUG~a
o0902453	s	ZATU628-ZATU628~a-	ZATU628~a
o0901262	s	LAGAR-LAGAR~a-	LAGAR~a
o0902064	s	ŠUR₂-ŠUR₂~b-	ŠUR₂~b
o0900175	s	BU-BU~a-	BU~a
o0902063	s	ŠUR₂-ŠUR₂~a-	ŠUR₂~a
o0902859	n	2(N01)--	2(N01)
o0900513	s	EN-EN~a-	EN~a
o0900513	s	EN-EN~a-	EN~a
o0902858	n	1(N01)--	1(N01)
o0902560	s	ZATU687--	ZATU687
o0902862	n	5(N01)--	5(N01)
o0901870	s	SU-SU~a-	SU~a
o0901639	s	PAP-PAP~a-	PAP~a
o0902293	s	UNUG-UNUG~a-	UNUG~a
o0901659	s	RAD-RAD~a-	RAD~a
o0902858	n	1(N01)--	1(N01)
o0902063	s	ŠUR₂-ŠUR₂~a-	ŠUR₂~a
o0901142	s	KU₃-KU₃~a-	KU₃~a
o0900493	s	E₂-E₂~a-	E₂~a
o0902858	n	1(N01)--	1(N01)
o0902302	s	UR-UR~a-	UR~a
o0902860	n	3(N01)--	3(N01)
o0902139	s	TUR--	TUR
o0900154	s	BAR--	BAR
o0903368	s	X--	X
o0902864	n	7(N01)--	7(N01)
o0900960	s	HI--	HI
o0901090	s	KI--	KI
o0901625	s	PA-PA~a-	PA~a
o0902332	s	URI₃-URI₃~a-	URI₃~a
o0900199	c	|BU+DU₆|-|BU~a+DU₆~a|-	|BU~a+DU₆~a|
o0900494	s	E₂-E₂~b-	E₂~b
o0900175	s	BU-BU~a-	BU~a
o0901887	s	SUKKAL--	SUKKAL
o0903368	s	X--	X
o0901090	s	KI--	KI
o0902161	s	U₄--	U₄
o0901584	s	NU--	NU
o0901670	s	RU--	RU
o0901481	s	NAR--	NAR
o0900089	s	AN--	AN
o0900938	s	GUM-GUM~b-	GUM~b
o0902863	n	6(N01)--	6(N01)
o0900115	s	BA--	BA
o0901044	s	KAB--	KAB
o0903368	s	X--	X
o0902033	s	ŠU--	ŠU
o0902318	s	UR₃-UR₃~b2-	UR₃~b2
o0902033	s	ŠU--	ŠU
o0900249	s	DARA₄-DARA₄~a1-	DARA₄~a1
o0901724	s	SI--	SI
o0902302	s	UR-UR~a-	UR~a
o0902332	s	URI₃-URI₃~a-	URI₃~a
o0900279	s	DU--	DU
o0902860	n	3(N01)--	3(N01)
o0901143	s	KU₃-KU₃~c-	KU₃~c
o0901659	s	RAD-RAD~a-	RAD~a
o0900513	s	EN-EN~a-	EN~a
o0901639	s	PAP-PAP~a-	PAP~a
o0900513	s	EN-EN~a-	EN~a
o0902861	n	4(N01)--	4(N01)
o0901910	s	ŠA--	ŠA
o0901659	s	RAD-RAD~a-	RAD~a
o0900513	s	EN-EN~a-	EN~a
o0901639	s	PAP-PAP~a-	PAP~a
o0900000	s	A--	A
o0901709	s	SANGA-SANGA~a-	SANGA~a
o0902860	n	3(N01)--	3(N01)
o0900513	s	EN-EN~a-	EN~a
o0901625	s	PA-PA~a-	PA~a
o0901592	s	NUN-NUN~a-	NUN~a
o0903368	s	X--	X
o0902858	n	1(N01)--	1(N01)
o0902859	n	2(N01)--	2(N01)
o0903059	n	1(N34)--	1(N34)
o0902929	n	1(N14)--	1(N14)
o0900217	s	DA-DA~a-	DA~a
o0903368	s	X--	X
o0901625	s	PA-PA~a-	PA~a
o0900175	s	BU-BU~a-	BU~a
o0902879	n	1(N03)--	1(N03)
o0903368	s	X--	X
o0901438	s	NA-NA~b-	NA~b
o0900890	s	GIŠ₃-GIŠ₃~b-	GIŠ₃~b
o0903210	n	1(N57)--	1(N57)
o0900115	s	BA--	BA
o0900334	s	DUG-DUG~b-	DUG~b
o0901771	s	SIG₇--	SIG₇
o0902859	n	2(N01)--	2(N01)
o0902243	s	UDU-UDU~a-	UDU~a
o0901724	s	SI--	SI
o0901452	s	NAGA-NAGA~a-	NAGA~a
o0901677	s	SAG--	SAG
o0901659	s	RAD-RAD~a-	RAD~a
o0901000	s	IM-IM~a-	IM~a
o0902862	n	5(N01)--	5(N01)
o0903368	s	X--	X
o0901380	s	ME-ME~a-	ME~a
o0901062	s	KALAM-KALAM~a-	KALAM~a
o0902161	s	U₄--	U₄
o0902102	s	TE--	TE
o0901659	s	RAD-RAD~a-	RAD~a
o0901709	s	SANGA-SANGA~a-	SANGA~a
o0900513	s	EN-EN~a-	EN~a
o0900009	s	A@t--	A@t
o0901592	s	NUN-NUN~a-	NUN~a
o0903368	s	X--	X
o0903368	s	X--	X
o0902860	n	3(N01)--	3(N01)
o0901910	s	ŠA--	ŠA
o0902094	s	TAK₄-TAK₄~a-	TAK₄~a
o0901082	s	KAŠ-KAŠ~c-	KAŠ~c
o0902859	n	2(N01)--	2(N01)
o0901313	s	MA--	MA
o0902862	n	5(N01)--	5(N01)
o0900958	s	HAŠHUR--	HAŠHUR
o0900513	s	EN-EN~a-	EN~a
o0900552	s	EZEN-EZEN~b-	EZEN~b
o0902858	n	1(N01)--	1(N01)
o0900729	s	GAL-GAL~a-	GAL~a
o0902004	s	ŠITA-ŠITA~a1-	ŠITA~a1
o0902858	n	1(N01)--	1(N01)
o0901724	s	SI--	SI
o0901115	s	KISAL-KISAL~b1-	KISAL~b1
o0902858	n	1(N01)--	1(N01)
o0900545	s	ERIN--	ERIN
o0900806	s	GI--	GI
o0902060	s	ŠUBUR--	ŠUBUR
o0902384	s	UŠ-UŠ~a-	UŠ~a
o0900617	s	GA₂-GA₂~a2-	GA₂~a2
o0901962	s	ŠE₃--	ŠE₃
o0901592	s	NUN-NUN~a-	NUN~a
o0901000	s	IM-IM~a-	IM~a
o0902859	n	2(N01)--	2(N01)
o0901593	s	NUN-NUN~b-	NUN~b
o0902859	n	2(N01)--	2(N01)
o0901377	s	MAŠ₂--	MAŠ₂
o0902858	n	1(N01)--	1(N01)
o0900205	s	BU₃--	BU₃
o0901592	s	NUN-NUN~a-	NUN~a
o0903368	s	X--	X
o0903368	s	X--	X
o0901128	s	KIŠ--	KIŠ
o0901699	c	|SAL.KUR|-|SAL.KUR~a|-	|SAL.KUR~a|
o0903368	s	X--	X
o0903061	n	2(N34)--	2(N34)
o0903174	n	1(N50)--	1(N50)
o0901955	c	|ŠE.NAM₂|-|ŠE~a.NAM₂|-	|ŠE~a.NAM₂|
o0900487	s	E-E~a-	E~a
o0903210	n	1(N57)--	1(N57)
o0900115	s	BA--	BA
o0902930	n	2(N14)--	2(N14)
o0901082	s	KAŠ-KAŠ~c-	KAŠ~c
o0901380	s	ME-ME~a-	ME~a
o0902060	s	ŠUBUR--	ŠUBUR
o0902861	n	4(N01)--	4(N01)
o0903368	s	X--	X
o0902861	n	4(N01)--	4(N01)
o0902861	n	4(N01)--	4(N01)
o0902930	n	2(N14)--	2(N14)
o0900175	s	BU-BU~a-	BU~a
o0902932	n	3(N14)--	3(N14)
o0901481	s	NAR--	NAR
o0903368	s	X--	X
o0902859	n	2(N01)--	2(N01)
o0901593	s	NUN-NUN~b-	NUN~b
o0902859	n	2(N01)--	2(N01)
o0901377	s	MAŠ₂--	MAŠ₂
o0902858	n	1(N01)--	1(N01)
o0903368	s	X--	X
o0902858	n	1(N01)--	1(N01)
o0903368	s	X--	X
o0903059	n	1(N34)--	1(N34)
o0903368	s	X--	X
o0900115	s	BA--	BA
o0901946	s	ŠE-ŠE~a-	ŠE~a
o0903368	s	X--	X
o0903061	n	2(N34)--	2(N34)
o0902863	n	6(N01)--	6(N01)
o0902243	s	UDU-UDU~a-	UDU~a
o0903368	s	X--	X
o0902859	n	2(N01)--	2(N01)
o0902220	s	U₈--	U₈
o0902930	n	2(N14)--	2(N14)
o0902865	n	8(N01)--	8(N01)
o0903368	s	X--	X
o0902862	n	5(N01)--	5(N01)
o0901377	s	MAŠ₂--	MAŠ₂
o0902858	n	1(N01)--	1(N01)
o0900908	s	GU₄--	GU₄
o0902858	n	1(N01)--	1(N01)
o0900908	s	GU₄--	GU₄
o0901483	s	NE-NE~a-	NE~a
o0903368	s	X--	X
o0902220	s	U₈--	U₈
o0902861	n	4(N01)--	4(N01)
o0902234	s	UD₅-UD₅~a-	UD₅~a
o0902400	s	UTUA-UTUA~a-	UTUA~a
o0901593	s	NUN-NUN~b-	NUN~b
o0902220	s	U₈--	U₈
o0902234	s	UD₅-UD₅~a-	UD₅~a
o0902400	s	UTUA-UTUA~a-	UTUA~a
o0902858	n	1(N01)--	1(N01)
o0901593	s	NUN-NUN~b-	NUN~b
o0903368	s	X--	X
o0902861	n	4(N01)--	4(N01)
o0901593	s	NUN-NUN~b-	NUN~b
o0903368	s	X--	X
o0903368	s	X--	X
o0903368	s	X--	X
o0902033	s	ŠU--	ŠU
o0902858	n	1(N01)--	1(N01)
o0900000	s	A--	A
o0901677	s	SAG--	SAG
o0902858	n	1(N01)--	1(N01)
o0901481	s	NAR--	NAR
o0900000	s	A--	A
o0901724	s	SI--	SI
o0901670	s	RU--	RU
o0901746	s	SIG--	SIG
o0901524	s	NIN--	NIN
o0902860	n	3(N01)--	3(N01)
o0902858	n	1(N01)--	1(N01)
o0900513	s	EN-EN~a-	EN~a
o0901063	s	KALAM-KALAM~b-	KALAM~b
o0900513	s	EN-EN~a-	EN~a
o0901724	s	SI--	SI
o0901930	s	ŠAGAN--	ŠAGAN
o0901829	c	|SILA₃×NI|-|SILA₃~a×NI~a|-	|SILA₃~a×NI~a|
o0900729	s	GAL-GAL~a-	GAL~a
o0902861	n	4(N01)--	4(N01)
o0900100	s	APIN-APIN~a-	APIN~a
o0902157	s	U₂-U₂~b-	U₂~b
o0901677	s	SAG--	SAG
o0900175	s	BU-BU~a-	BU~a
o0901376	s	MAŠ--	MAŠ
o0902156	s	U₂-U₂~a-	U₂~a
o0900779	s	GAR--	GAR
o0900012	s	AB-AB~a-	AB~a
o0903264	n	5(N57)--	5(N57)
o0900175	s	BU-BU~a-	BU~a
o0900279	s	DU--	DU
o0900968	c	|HI×1(N57)|--	|HI×1(N57)|
o0900836	s	GI₆--	GI₆
o0902858	n	1(N01)--	1(N01)
o0901739	s	SI₄-SI₄~a-	SI₄~a
o0902453	s	ZATU628-ZATU628~a-	ZATU628~a
o0901697	s	SAL--	SAL
o0902588	s	ZATU697-ZATU697~b-	ZATU697~b
o0900175	s	BU-BU~a-	BU~a
o0902033	s	ŠU--	ŠU
o0903368	s	X--	X
o0902858	n	1(N01)--	1(N01)
o0903368	s	X--	X
o0902858	n	1(N01)--	1(N01)
o0900207	s	BULUG₃--	BULUG₃
o0901501	s	NI-NI~a-	NI~a
o0900175	s	BU-BU~a-	BU~a
o0901946	s	ŠE-ŠE~a-	ŠE~a
o0900243	c	|DARA₃×KAR₂|-|DARA₃~d×KAR₂~b|-	|DARA₃~d×KAR₂|
o0902859	n	2(N01)--	2(N01)
o0901993	s	ŠIM-ŠIM~a-	ŠIM~a
o0901376	s	MAŠ--	MAŠ
o0900279	s	DU--	DU
o0901090	s	KI--	KI
o0900513	s	EN-EN~a-	EN~a
o0900532	c	|EN₂.E₂|-|EN₂.E₂~b|-	|EN₂.E₂~b|
o0900175	s	BU-BU~a-	BU~a
o0900806	s	GI--	GI
o0900513	s	EN-EN~a-	EN~a
o0902794	s	ZATU829--	ZATU829
o0902858	n	1(N01)--	1(N01)
o0900956	s	HAL--	HAL
o0901639	s	PAP-PAP~a-	PAP~a
o0901133	s	KITI--	KITI
o0903234	n	3(N57)--	3(N57)
o0901090	s	KI--	KI
o0901483	s	NE-NE~a-	NE~a
o0900000	s	A--	A
o0902858	n	1(N01)--	1(N01)
o0903368	s	X--	X
o0903368	s	X--	X
o0901115	s	KISAL-KISAL~b1-	KISAL~b1
o0902858	n	1(N01)--	1(N01)
o0901419	s	MUŠ₃-MUŠ₃~a-	MUŠ₃~a
o0903368	s	X--	X
o0901380	s	ME-ME~a-	ME~a
o0903368	s	X--	X
o0902293	s	UNUG-UNUG~a-	UNUG~a
o0902859	n	2(N01)--	2(N01)
o0901501	s	NI-NI~a-	NI~a
o0902139	s	TUR--	TUR
o0902859	n	2(N01)--	2(N01)
o0902406	s	UTUL-UTUL~a-	UTUL~a
o0902371	s	URU@n-URU~a1@n-	URU~a1@n
o0902858	n	1(N01)--	1(N01)
o0900241	c	|DARA₃×KAR₂|-|DARA₃~c×KAR₂~b|-	|DARA₃~c×KAR₂|
o0902858	n	1(N01)--	1(N01)
o0900056	s	ADAB--	ADAB
o0902858	n	1(N01)--	1(N01)
o0902766	s	ZATU799--	ZATU799
o0903368	s	X--	X
o0902859	n	2(N01)--	2(N01)
o0903063	n	4(N34)--	4(N34)
o0902930	n	2(N14)--	2(N14)
o0902859	n	2(N01)--	2(N01)
o0900541	s	ERIM-ERIM~a-	ERIM~a
o0902858	n	1(N01)--	1(N01)
o0901746	s	SIG--	SIG
o0901524	s	NIN--	NIN
o0903067	n	8(N34)--	8(N34)
o0902930	n	2(N14)--	2(N14)
o0902865	n	8(N01)--	8(N01)
o0900541	s	ERIM-ERIM~a-	ERIM~a
o0902859	n	2(N01)--	2(N01)
o0902930	n	2(N14)--	2(N14)
o0902865	n	8(N01)--	8(N01)
o0902933	n	4(N14)--	4(N14)
o0902859	n	2(N01)--	2(N01)
o0900513	s	EN-EN~a-	EN~a
o0900960	s	HI--	HI
o0901090	s	KI--	KI
o0903065	n	6(N34)--	6(N34)
o0902933	n	4(N14)--	4(N14)
o0902860	n	3(N01)--	3(N01)
o0903234	n	3(N57)--	3(N57)
o0900532	c	|EN₂.E₂|-|EN₂.E₂~b|-	|EN₂.E₂~b|
o0903065	n	6(N34)--	6(N34)
o0902933	n	4(N14)--	4(N14)
o0903061	n	2(N34)--	2(N34)
o0902932	n	3(N14)--	3(N14)
o0902864	n	7(N01)--	7(N01)
o0900513	s	EN-EN~a-	EN~a
o0900100	s	APIN-APIN~a-	APIN~a
o0901709	s	SANGA-SANGA~a-	SANGA~a
o0902102	s	TE--	TE
o0901659	s	RAD-RAD~a-	RAD~a
o0902866	n	9(N01)--	9(N01)
o0901030	s	KA-KA~a-	KA~a
o0901659	s	RAD-RAD~a-	RAD~a
o0900260	s	DI--	DI
o0902858	n	1(N01)--	1(N01)
o0900908	s	GU₄--	GU₄
o0902935	n	5(N14)-5(N14)~v1-	5(N14)
o0902865	n	8(N01)--	8(N01)
o0901746	s	SIG--	SIG
o0901697	s	SAL--	SAL
o0901962	s	ŠE₃--	ŠE₃
o0902864	n	7(N01)--	7(N01)
o0900205	s	BU₃--	BU₃
o0901437	s	NA-NA~a-	NA~a
o0902929	n	1(N14)--	1(N14)
o0901659	s	RAD-RAD~a-	RAD~a
o0900260	s	DI--	DI
o0903368	s	X--	X
o0901187	s	LAGAB-LAGAB~b-	LAGAB~b
o0902930	n	2(N14)--	2(N14)
o0902863	n	6(N01)--	6(N01)
o0902139	s	TUR--	TUR
o0901434	c	|MUŠEN×PAP|-|MUŠEN×PAP~a|-	|MUŠEN×PAP~a|
o0902103	s	TI--	TI
o0902862	n	5(N01)--	5(N01)
o0903368	s	X--	X
o0902863	n	6(N01)--	6(N01)
o0901593	s	NUN-NUN~b-	NUN~b
o0902858	n	1(N01)--	1(N01)
o0902250	s	UDUNITA-UDUNITA~a-	UDUNITA~a
o0902858	n	1(N01)--	1(N01)
o0901377	s	MAŠ₂--	MAŠ₂
o0903005	n	1(N22)--	1(N22)
o0902860	n	3(N01)--	3(N01)
o0901744	s	SI₄-SI₄~f-	SI₄~f
o0902858	n	1(N01)--	1(N01)
o0903005	n	1(N22)--	1(N22)
o0902860	n	3(N01)--	3(N01)
o0900499	c	|E₂.LIŠ|-|E₂~b.LIŠ|-	|E₂~b.LIŠ|
o0902858	n	1(N01)--	1(N01)
o0903005	n	1(N22)--	1(N22)
o0901022	s	IŠ-IŠ~b-	IŠ~b
o0901659	s	RAD-RAD~a-	RAD~a
o0902858	n	1(N01)--	1(N01)
o0902060	s	ŠUBUR--	ŠUBUR
o0903174	n	1(N50)--	1(N50)
o0902937	n	6(N14)-6(N14)~v1-	6(N14)
o0903005	n	1(N22)--	1(N22)
o0902859	n	2(N01)--	2(N01)
o0902929	n	1(N14)--	1(N14)
o0900279	s	DU--	DU
o0900041	s	AB₂--	AB₂
o0902859	n	2(N01)--	2(N01)
o0903005	n	1(N22)--	1(N22)
o0902860	n	3(N01)--	3(N01)
o0901584	s	NU--	NU
o0902060	s	ŠUBUR--	ŠUBUR
o0902858	n	1(N01)--	1(N01)
o0902929	n	1(N14)--	1(N14)
o0902094	s	TAK₄-TAK₄~a-	TAK₄~a
o0901677	s	SAG--	SAG
o0903368	s	X--	X
o0903005	n	1(N22)--	1(N22)
o0902860	n	3(N01)--	3(N01)
o0902107	s	TI@t--	TI@t
o0901387	s	MES--	MES
o0902858	n	1(N01)--	1(N01)
o0902929	n	1(N14)--	1(N14)
o0903174	n	1(N50)--	1(N50)
o0902860	n	3(N01)--	3(N01)
o0903368	s	X--	X
o0901030	s	KA-KA~a-	KA~a
o0901313	s	MA--	MA
o0902860	n	3(N01)--	3(N01)
o0902094	s	TAK₄-TAK₄~a-	TAK₄~a
o0900000	s	A--	A
o0900906	s	GU--	GU
o0901910	s	ŠA--	ŠA
o0902859	n	2(N01)--	2(N01)
o0900313	s	DUB-DUB~b-	DUB~b
o0901426	s	MUŠEN--	MUŠEN
o0901376	s	MAŠ--	MAŠ
o0902862	n	5(N01)--	5(N01)
o0902860	n	3(N01)--	3(N01)
o0902858	n	1(N01)--	1(N01)
o0902858	n	1(N01)--	1(N01)
o0902932	n	3(N14)--	3(N14)
o0902858	n	1(N01)--	1(N01)
o0902243	s	UDU-UDU~a-	UDU~a
o0900100	s	APIN-APIN~a-	APIN~a
o0903368	s	X--	X
o0903368	s	X--	X
o0902863	n	6(N01)--	6(N01)
o0900154	s	BAR--	BAR
o0902862	n	5(N01)--	5(N01)
o0902039	s	ŠU₂-ŠU₂~a-	ŠU₂
o0902116	s	TUG₂-TUG₂~a-	TUG₂~a
o0902884	n	1(N04)--	1(N04)
o0900513	s	EN-EN~a-	EN~a
o0902858	n	1(N01)--	1(N01)
o0902116	s	TUG₂-TUG₂~a-	TUG₂~a
o0902858	n	1(N01)--	1(N01)
o0902039	s	ŠU₂-ŠU₂~a-	ŠU₂
o0902860	n	3(N01)--	3(N01)
o0903210	n	1(N57)--	1(N57)
o0900154	s	BAR--	BAR
o0902116	s	TUG₂-TUG₂~a-	TUG₂~a
o0902858	n	1(N01)--	1(N01)
o0900724	s	GADA-GADA~a-	GADA~a
o0902859	n	2(N01)--	2(N01)
o0903210	n	1(N57)--	1(N57)
o0901697	s	SAL--	SAL
o0900154	s	BAR--	BAR
o0902339	s	URU-URU~a1-	URU~a1
o0901709	s	SANGA-SANGA~a-	SANGA~a
o0902116	s	TUG₂-TUG₂~a-	TUG₂~a
o0902858	n	1(N01)--	1(N01)
o0902858	n	1(N01)--	1(N01)
o0902858	n	1(N01)--	1(N01)
o0900154	s	BAR--	BAR
o0901075	s	KASKAL--	KASKAL
o0900100	s	APIN-APIN~a-	APIN~a
o0903368	s	X--	X
o0903174	n	1(N50)--	1(N50)
o0900100	s	APIN-APIN~a-	APIN~a
o0900960	s	HI--	HI
o0902930	n	2(N14)--	2(N14)
o0901376	s	MAŠ--	MAŠ
o0902932	n	3(N14)--	3(N14)
o0901955	c	|ŠE.NAM₂|-|ŠE~a.NAM₂|-	|ŠE~a.NAM₂|
o0902935	n	5(N14)-5(N14)~v1-	5(N14)
o0901955	c	|ŠE.NAM₂|-|ŠE~a.NAM₂|-	|ŠE~a.NAM₂|
o0903006	n	2(N22)--	2(N22)
o0901697	s	SAL--	SAL
o0901639	s	PAP-PAP~a-	PAP~a
o0900945	s	GUN₃-GUN₃~b-	GUN₃~b
o0902859	n	2(N01)--	2(N01)
o0900313	s	DUB-DUB~b-	DUB~b
o0902858	n	1(N01)--	1(N01)
o0900175	s	BU-BU~a-	BU~a
o0903368	s	X--	X
o0902858	n	1(N01)--	1(N01)
o0901414	s	MUNŠUB-MUNŠUB~b-	MUNŠUB~b
o0902103	s	TI--	TI
o0902860	n	3(N01)--	3(N01)
o0902858	n	1(N01)--	1(N01)
o0903061	n	2(N34)--	2(N34)
o0902861	n	4(N01)--	4(N01)
o0901376	s	MAŠ--	MAŠ
o0902243	s	UDU-UDU~a-	UDU~a
o0900983	s	IB-IB~a-	IB~a
o0902929	n	1(N14)--	1(N14)
o0902864	n	7(N01)--	7(N01)
o0901376	s	MAŠ--	MAŠ
o0902243	s	UDU-UDU~a-	UDU~a
o0902929	n	1(N14)--	1(N14)
o0902862	n	5(N01)--	5(N01)
o0901376	s	MAŠ--	MAŠ
o0902243	s	UDU-UDU~a-	UDU~a
o0902243	s	UDU-UDU~a-	UDU~a
o0900217	s	DA-DA~a-	DA~a
o0901501	s	NI-NI~a-	NI~a
o0900890	s	GIŠ₃-GIŠ₃~b-	GIŠ₃~b
o0902860	n	3(N01)--	3(N01)
o0901593	s	NUN-NUN~b-	NUN~b
o0902859	n	2(N01)--	2(N01)
o0901377	s	MAŠ₂--	MAŠ₂
o0903368	s	X--	X
o0902859	n	2(N01)--	2(N01)
o0900513	s	EN-EN~a-	EN~a
o0900554	s	EZEN-EZEN~c-	EZEN~b@t
o0902858	n	1(N01)--	1(N01)
o0901145	s	KU₆-KU₆~a-	KU₆~a
o0901426	s	MUŠEN--	MUŠEN
o0901376	s	MAŠ--	MAŠ
o0902859	n	2(N01)--	2(N01)
o0901137	s	KU-KU~b1-	KU~b1
o0900089	s	AN--	AN
o0902860	n	3(N01)--	3(N01)
o0901137	s	KU-KU~b1-	KU~b1
o0901082	s	KAŠ-KAŠ~c-	KAŠ~c
o0902859	n	2(N01)--	2(N01)
o0900217	s	DA-DA~a-	DA~a
o0900279	s	DU--	DU
o0902866	n	9(N01)--	9(N01)
o0901437	s	NA-NA~a-	NA~a
o0901090	s	KI--	KI
o0901448	s	NAB--	NAB
o0902858	n	1(N01)--	1(N01)
o0901670	s	RU--	RU
o0902929	n	1(N14)--	1(N14)
o0902858	n	1(N01)--	1(N01)
o0900089	s	AN--	AN
o0900115	s	BA--	BA
o0900806	s	GI--	GI
o0902860	n	3(N01)--	3(N01)
o0900089	s	AN--	AN
o0900890	s	GIŠ₃-GIŠ₃~b-	GIŠ₃~b
o0902858	n	1(N01)--	1(N01)
o0902859	n	2(N01)--	2(N01)
o0901376	s	MAŠ--	MAŠ
o0901304	s	LU₂--	LU₂
o0902858	n	1(N01)--	1(N01)
o0900089	s	AN--	AN
o0902060	s	ŠUBUR--	ŠUBUR
o0900976	s	HI@g-HI@g~a-	HI@g~a
o0902858	n	1(N01)--	1(N01)
o0900806	s	GI--	GI
o0901426	s	MUŠEN--	MUŠEN
o0901437	s	NA-NA~a-	NA~a
o0902859	n	2(N01)--	2(N01)
o0901887	s	SUKKAL--	SUKKAL
o0901670	s	RU--	RU
o0902860	n	3(N01)--	3(N01)
o0901771	s	SIG₇--	SIG₇
o0902858	n	1(N01)--	1(N01)
o0900115	s	BA--	BA
o0901131	s	KIŠIK-KIŠIK~a-	KIŠIK~a
o0903210	n	1(N57)--	1(N57)
o0900115	s	BA--	BA
o0900983	s	IB-IB~a-	IB~a
o0902332	s	URI₃-URI₃~a-	URI₃~a
o0902858	n	1(N01)--	1(N01)
o0903368	s	X--	X
o0902858	n	1(N01)--	1(N01)
o0900089	s	AN--	AN
o0902039	s	ŠU₂-ŠU₂~a-	ŠU₂
o0902861	n	4(N01)--	4(N01)
o0901771	s	SIG₇--	SIG₇
o0902858	n	1(N01)--	1(N01)
o0901437	s	NA-NA~a-	NA~a
o0901090	s	KI--	KI
o0902859	n	2(N01)--	2(N01)
o0900617	s	GA₂-GA₂~a2-	GA₂~a2
o0900485	s	DUR₂--	DUR₂
o0903368	s	X--	X
o0901030	s	KA-KA~a-	KA~a
o0902930	n	2(N14)--	2(N14)
o0902862	n	5(N01)--	5(N01)
o0902243	s	UDU-UDU~a-	UDU~a
o0903210	n	1(N57)--	1(N57)
o0900115	s	BA--	BA
o0902786	s	ZATU819--	ZATU819
o0902929	n	1(N14)--	1(N14)
o0902858	n	1(N01)--	1(N01)
o0902234	s	UD₅-UD₅~a-	UD₅~a
o0902861	n	4(N01)--	4(N01)
o0902400	s	UTUA-UTUA~a-	UTUA~a
o0902860	n	3(N01)--	3(N01)
o0901593	s	NUN-NUN~b-	NUN~b
o0902864	n	7(N01)--	7(N01)
o0901377	s	MAŠ₂--	MAŠ₂
o0902933	n	4(N14)--	4(N14)
o0902862	n	5(N01)--	5(N01)
o0902243	s	UDU-UDU~a-	UDU~a
o0902786	s	ZATU819--	ZATU819
o0902935	n	5(N14)-5(N14)~v1-	5(N14)
o0902861	n	4(N01)--	4(N01)
o0901376	s	MAŠ--	MAŠ
o0902243	s	UDU-UDU~a-	UDU~a
o0902935	n	5(N14)-5(N14)~v1-	5(N14)
o0902858	n	1(N01)--	1(N01)
o0902243	s	UDU-UDU~a-	UDU~a
o0902858	n	1(N01)--	1(N01)
o0900546	s	EŠDA--	EŠDA
o0902859	n	2(N01)--	2(N01)
o0902243	s	UDU-UDU~a-	UDU~a
o0903059	n	1(N34)--	1(N34)
o0901614	s	NUNUZ-NUNUZ~a1-	NUNUZ~a1
o0902858	n	1(N01)--	1(N01)
o0902243	s	UDU-UDU~a-	UDU~a
o0903061	n	2(N34)--	2(N34)
o0902866	n	9(N01)--	9(N01)
o0900806	s	GI--	GI
o0901376	s	MAŠ--	MAŠ
o0902243	s	UDU-UDU~a-	UDU~a
o0902788	s	ZATU821--	ZATU821
o0900806	s	GI--	GI
o0901313	s	MA--	MA
o0902327	s	UR₅-UR₅~a-	UR₅~a
o0903062	n	3(N34)--	3(N34)
o0902860	n	3(N01)--	3(N01)
o0902243	s	UDU-UDU~a-	UDU~a
o0901376	s	MAŠ--	MAŠ
o0901625	s	PA-PA~a-	PA~a
o0901468	s	NAM₂--	NAM₂
o0901659	s	RAD-RAD~a-	RAD~a
o0900858	s	GIR₃-GIR₃~a-	GIR₃~a
o0900175	s	BU-BU~a-	BU~a
o0900279	s	DU--	DU
o0900000	s	A--	A
o0902863	n	6(N01)--	6(N01)
o0900513	s	EN-EN~a-	EN~a
o0900960	s	HI--	HI
o0901592	s	NUN-NUN~a-	NUN~a
o0900494	s	E₂-E₂~b-	E₂~b
o0900960	s	HI--	HI
o0901075	s	KASKAL--	KASKAL
o0901082	s	KAŠ-KAŠ~c-	KAŠ~c
o0901082	s	KAŠ-KAŠ~c-	KAŠ~c
o0901521	s	NIMGIR--	NIMGIR
o0900089	s	AN--	AN
o0901501	s	NI-NI~a-	NI~a
o0900858	s	GIR₃-GIR₃~a-	GIR₃~a
o0901677	s	SAG--	SAG
o0903368	s	X--	X
o0903368	s	X--	X
o0903368	s	X--	X
o0902860	n	3(N01)--	3(N01)
o0901697	s	SAL--	SAL
o0901697	s	SAL--	SAL
o0903368	s	X--	X
o0900513	s	EN-EN~a-	EN~a
o0901870	s	SU-SU~a-	SU~a
o0902103	s	TI--	TI
o0902858	n	1(N01)--	1(N01)
o0900860	s	GIR₃-GIR₃~c-	GIR₃~c
o0902051	c	|ŠU₂~b.1(N02)|--	|ŠU₂.1(N02)|
o0900845	s	GIR-GIR~a-	GIR~a
o0900000	s	A--	A
o0901659	s	RAD-RAD~a-	RAD~a
o0902866	n	9(N01)--	9(N01)
o0901870	s	SU-SU~a-	SU~a
o0902033	s	ŠU--	ŠU
o0900494	s	E₂-E₂~b-	E₂~b
o0901639	s	PAP-PAP~a-	PAP~a
o0902293	s	UNUG-UNUG~a-	UNUG~a
o0900845	s	GIR-GIR~a-	GIR~a
o0900000	s	A--	A
o0901659	s	RAD-RAD~a-	RAD~a
o0901625	s	PA-PA~a-	PA~a
o0902858	n	1(N01)--	1(N01)
o0901697	s	SAL--	SAL
o0902111	s	TU-TU~a-	TU~a
o0901448	s	NAB--	NAB
o0900260	s	DI--	DI
o0900154	s	BAR--	BAR
o0901639	s	PAP-PAP~a-	PAP~a
o0901521	s	NIMGIR--	NIMGIR
o0900729	s	GAL-GAL~a-	GAL~a
o0901709	s	SANGA-SANGA~a-	SANGA~a
o0901659	s	RAD-RAD~a-	RAD~a
o0900000	s	A--	A
o0901521	s	NIMGIR--	NIMGIR
o0901659	s	RAD-RAD~a-	RAD~a
o0900014	s	AB-AB~b-	AB~b
o0903234	n	3(N57)--	3(N57)
o0901648	s	PIRIG-PIRIG~b1-	PIRIG~b1
o0900983	s	IB-IB~a-	IB~a
o0900493	s	E₂-E₂~a-	E₂~a
o0901709	s	SANGA-SANGA~a-	SANGA~a
o0901142	s	KU₃-KU₃~a-	KU₃~a
o0902862	n	5(N01)--	5(N01)
o0902858	n	1(N01)--	1(N01)
o0901699	c	|SAL.KUR|-|SAL.KUR~a|-	|SAL.KUR~a|
o0901697	s	SAL--	SAL
o0902116	s	TUG₂-TUG₂~a-	TUG₂~a
o0903368	s	X--	X
o0901521	s	NIMGIR--	NIMGIR
o0900729	s	GAL-GAL~a-	GAL~a
o0900630	c	|GA₂×EN|-|GA₂~a1×EN~a|-	|GA₂~a1×EN~a|
o0901946	s	ŠE-ŠE~a-	ŠE~a
o0901709	s	SANGA-SANGA~a-	SANGA~a
o0901142	s	KU₃-KU₃~a-	KU₃~a
o0902862	n	5(N01)--	5(N01)
o0901687	c	|SAG~v1×MA~v1|--	|SAG×MA|
o0902858	n	1(N01)--	1(N01)
o0902293	s	UNUG-UNUG~a-	UNUG~a
o0902858	n	1(N01)--	1(N01)
o0900513	s	EN-EN~a-	EN~a
o0901677	s	SAG--	SAG
o0900089	s	AN--	AN
o0902858	n	1(N01)--	1(N01)
o0902829	s	ZI-ZI~a-	ZI~a
o0901426	s	MUŠEN--	MUŠEN
o0901082	s	KAŠ-KAŠ~c-	KAŠ~c
o0902858	n	1(N01)--	1(N01)
o0902033	s	ŠU--	ŠU
o0900883	c	|GIŠ×ŠU₂|-|GIŠ×ŠU₂~a|-	|GIŠ×ŠU₂~a|
o0900870	s	GIR₃@g-GIR₃@g~b-	GIR₃@g~b
o0902858	n	1(N01)--	1(N01)
o0901910	s	ŠA--	ŠA
o0902094	s	TAK₄-TAK₄~a-	TAK₄~a
o0900000	s	A--	A
o0903368	s	X--	X
o0902858	n	1(N01)--	1(N01)
o0902858	n	1(N01)--	1(N01)
o0903368	s	X--	X
o0902858	n	1(N01)--	1(N01)
o0901639	s	PAP-PAP~a-	PAP~a
o0902033	s	ŠU--	ŠU
o0902858	n	1(N01)--	1(N01)
o0902858	n	1(N01)--	1(N01)
o0902858	n	1(N01)--	1(N01)
o0903210	n	1(N57)--	1(N57)
o0903368	s	X--	X
o0900513	s	EN-EN~a-	EN~a
o0901060	s	KAL-KAL~b2-	KAL~b2
o0900175	s	BU-BU~a-	BU~a
o0903368	s	X--	X
o0902859	n	2(N01)--	2(N01)
o0903368	s	X--	X
o0901670	s	RU--	RU
o0901313	s	MA--	MA
o0901090	s	KI--	KI
o0901614	s	NUNUZ-NUNUZ~a1-	NUNUZ~a1
o0901899	s	SUKUD@g-SUKUD@g~d-	SUKUD@g~d
o0901501	s	NI-NI~a-	NI~a
o0902859	n	2(N01)--	2(N01)
o0903368	s	X--	X
o0902861	n	4(N01)--	4(N01)
o0900139	s	BAN-BAN~b-	BAN~b
o0903368	s	X--	X
o0902860	n	3(N01)--	3(N01)
o0902250	s	UDUNITA-UDUNITA~a-	UDUNITA~a
o0901955	c	|ŠE.NAM₂|-|ŠE~a.NAM₂|-	|ŠE~a.NAM₂|
o0902929	n	1(N14)--	1(N14)
o0902864	n	7(N01)--	7(N01)
o0902234	s	UD₅-UD₅~a-	UD₅~a
o0902865	n	8(N01)--	8(N01)
o0902220	s	U₈--	U₈
o0902929	n	1(N14)--	1(N14)
o0902860	n	3(N01)--	3(N01)
o0903368	s	X--	X
o0901481	s	NAR--	NAR
o0901022	s	IŠ-IŠ~b-	IŠ~b
o0901082	s	KAŠ-KAŠ~c-	KAŠ~c
o0901639	s	PAP-PAP~a-	PAP~a
o0903234	n	3(N57)--	3(N57)
o0902859	n	2(N01)--	2(N01)
o0901697	s	SAL--	SAL
o0900000	s	A--	A
o0902858	n	1(N01)--	1(N01)
o0900513	s	EN-EN~a-	EN~a
o0900513	s	EN-EN~a-	EN~a
o0901918	s	ŠA₃-ŠA₃~a1-	ŠA₃~a1
o0900960	s	HI--	HI
o0902862	n	5(N01)--	5(N01)
o0901697	s	SAL--	SAL
o0900513	s	EN-EN~a-	EN~a
o0900100	s	APIN-APIN~a-	APIN~a
o0900983	s	IB-IB~a-	IB~a
o0903368	s	X--	X
o0902248	c	|UDU×TAR|-|UDU~a×TAR~b|-	|(UDU~a×TAR)~b|
o0902858	n	1(N01)--	1(N01)
o0903368	s	X--	X
o0903368	s	X--	X
o0902248	c	|UDU×TAR|-|UDU~a×TAR~b|-	|(UDU~a×TAR)~b|
o0903368	s	X--	X
o0902858	n	1(N01)--	1(N01)
o0900228	s	DAR-DAR~a-	DAR~a
o0901501	s	NI-NI~a-	NI~a
o0900217	s	DA-DA~a-	DA~a
o0900115	s	BA--	BA
o0900260	s	DI--	DI
o0903368	s	X--	X
o0901659	s	RAD-RAD~a-	RAD~a
o0903368	s	X--	X
o0903368	s	X--	X
o0901501	s	NI-NI~a-	NI~a
o0902858	n	1(N01)--	1(N01)
o0901137	s	KU-KU~b1-	KU~b1
o0900336	s	DUG-DUG~c~v1-	DUG~c
o0902858	n	1(N01)--	1(N01)
o0902858	n	1(N01)--	1(N01)
o0901501	s	NI-NI~a-	NI~a
o0903368	s	X--	X
o0900089	s	AN--	AN
o0902859	n	2(N01)--	2(N01)
o0902859	n	2(N01)--	2(N01)
o0901022	s	IŠ-IŠ~b-	IŠ~b
o0902859	n	2(N01)--	2(N01)
o0903368	s	X--	X
o0902858	n	1(N01)--	1(N01)
o0900860	s	GIR₃-GIR₃~c-	GIR₃~c
o0902858	n	1(N01)--	1(N01)
o0903368	s	X--	X
o0903059	n	1(N34)--	1(N34)
o0902929	n	1(N14)--	1(N14)
o0902858	n	1(N01)--	1(N01)
o0902858	n	1(N01)--	1(N01)
o0902157	s	U₂-U₂~b-	U₂~b
o0900870	s	GIR₃@g-GIR₃@g~b-	GIR₃@g~b
o0902859	n	2(N01)--	2(N01)
o0901501	s	NI-NI~a-	NI~a
o0902858	n	1(N01)--	1(N01)
o0901184	s	LA₂--	LA₂
o0902116	s	TUG₂-TUG₂~a-	TUG₂~a
o0902858	n	1(N01)--	1(N01)
o0901483	s	NE-NE~a-	NE~a
o0902863	n	6(N01)--	6(N01)
o0903368	s	X--	X
o0902859	n	2(N01)--	2(N01)
o0903368	s	X--	X
o0903061	n	2(N34)--	2(N34)
o0901614	s	NUNUZ-NUNUZ~a1-	NUNUZ~a1
o0903368	s	X--	X
o0903059	n	1(N34)--	1(N34)
o0901955	c	|ŠE.NAM₂|-|ŠE~a.NAM₂|-	|ŠE~a.NAM₂|
o0901677	s	SAG--	SAG
o0903368	s	X--	X
o0900988	s	IDIGNA--	IDIGNA
o0901380	s	ME-ME~a-	ME~a
o0903368	s	X--	X
o0901145	s	KU₆-KU₆~a-	KU₆~a
o0901659	s	RAD-RAD~a-	RAD~a
o0900729	s	GAL-GAL~a-	GAL~a
o0903368	s	X--	X
o0900089	s	AN--	AN
o0902327	s	UR₅-UR₅~a-	UR₅~a
o0900000	s	A--	A
o0903234	n	3(N57)--	3(N57)
o0901468	s	NAM₂--	NAM₂
o0900260	s	DI--	DI
o0903210	n	1(N57)--	1(N57)
o0900115	s	BA--	BA
o0902929	n	1(N14)--	1(N14)
o0902929	n	1(N14)--	1(N14)
o0902859	n	2(N01)--	2(N01)
o0902863	n	6(N01)--	6(N01)
o0902930	n	2(N14)--	2(N14)
o0900484	s	DUR-DUR~b-	DUR~b
o0900493	s	E₂-E₂~a-	E₂~a
o0902859	n	2(N01)--	2(N01)
o0902858	n	1(N01)--	1(N01)
o0902858	n	1(N01)--	1(N01)
o0903368	s	X--	X
o0902858	n	1(N01)--	1(N01)
o0901518	s	NIM-NIM~b2-	NIM~b2
o0902859	n	2(N01)--	2(N01)
o0900836	s	GI₆--	GI₆
o0900000	s	A--	A
o0900089	s	AN--	AN
o0902858	n	1(N01)--	1(N01)
o0900494	s	E₂-E₂~b-	E₂~b
o0903368	s	X--	X
o0903368	s	X--	X
o0901613	s	NUNUZ-NUNUZ~a0-	NUNUZ~a0
o0901709	s	SANGA-SANGA~a-	SANGA~a
o0903368	s	X--	X
o0902860	n	3(N01)--	3(N01)
o0903368	s	X--	X
o0901501	s	NI-NI~a-	NI~a
o0902139	s	TUR--	TUR
o0902860	n	3(N01)--	3(N01)
o0901090	s	KI--	KI
o0900100	s	APIN-APIN~a-	APIN~a
o0901918	s	ŠA₃-ŠA₃~a1-	ŠA₃~a1
o0903368	s	X--	X
o0902859	n	2(N01)--	2(N01)
o0901022	s	IŠ-IŠ~b-	IŠ~b
o0900729	s	GAL-GAL~a-	GAL~a
o0903368	s	X--	X
o0902339	s	URU-URU~a1-	URU~a1
o0902859	n	2(N01)--	2(N01)
o0900493	s	E₂-E₂~a-	E₂~a
o0900279	s	DU--	DU
o0900541	s	ERIM-ERIM~a-	ERIM~a
o0903368	s	X--	X
o0902094	s	TAK₄-TAK₄~a-	TAK₄~a
o0903368	s	X--	X
o0903368	s	X--	X
o0902858	n	1(N01)--	1(N01)
o0903368	s	X--	X
o0902861	n	4(N01)--	4(N01)
o0900513	s	EN-EN~a-	EN~a
o0902102	s	TE--	TE
o0901757	s	SIG₂-SIG₂~b-	SIG₂~b
o0902858	n	1(N01)--	1(N01)
o0902116	s	TUG₂-TUG₂~a-	TUG₂~a
o0902858	n	1(N01)--	1(N01)
o0900724	s	GADA-GADA~a-	GADA~a
o0902858	n	1(N01)--	1(N01)
o0902861	n	4(N01)--	4(N01)
o0902859	n	2(N01)--	2(N01)
o0900724	s	GADA-GADA~a-	GADA~a
o0902858	n	1(N01)--	1(N01)
o0903210	n	1(N57)--	1(N57)
o0901697	s	SAL--	SAL
o0900154	s	BAR--	BAR
o0900860	s	GIR₃-GIR₃~c-	GIR₃~c
o0901709	s	SANGA-SANGA~a-	SANGA~a
o0903368	s	X--	X
o0900154	s	BAR--	BAR
o0901234	c	|LAGAB×SI|-|LAGAB~a×SI~v1|-	|LAGAB~a×SI|
o0902860	n	3(N01)--	3(N01)
o0901270	s	LAL₂-LAL₂~a-	LAL₂~a
o0900806	s	GI--	GI
o0902859	n	2(N01)--	2(N01)
o0903257	n	4(N57)--	4(N57)
o0902711	s	ZATU759--	ZATU759
o0900493	s	E₂-E₂~a-	E₂~a
o0902859	n	2(N01)--	2(N01)
o0901501	s	NI-NI~a-	NI~a
o0902139	s	TUR--	TUR
o0902858	n	1(N01)--	1(N01)
o0901022	s	IŠ-IŠ~b-	IŠ~b
o0900175	s	BU-BU~a-	BU~a
o0902929	n	1(N14)--	1(N14)
o0902914	n	3(N08)--	3(N08)
o0902861	n	4(N01)--	4(N01)
o0902234	s	UD₅-UD₅~a-	UD₅~a
o0903368	s	X--	X
o0902929	n	1(N14)--	1(N14)
o0902400	s	UTUA-UTUA~a-	UTUA~a
o0902864	n	7(N01)--	7(N01)
o0902250	s	UDUNITA-UDUNITA~a-	UDUNITA~a
o0902483	s	ZATU646--	ZATU646
o0903297	n	3(N59)--	3(N59)
o0900089	s	AN--	AN
o0902033	s	ŠU--	ŠU
o0903297	n	3(N59)--	3(N59)
o0902483	s	ZATU646--	ZATU646
o0900279	s	DU--	DU
o0903297	n	3(N59)--	3(N59)
o0902033	s	ŠU--	ŠU
o0903297	n	3(N59)--	3(N59)
o0902483	s	ZATU646--	ZATU646
o0902929	n	1(N14)--	1(N14)
o0900279	s	DU--	DU
o0903298	n	4(N59)--	4(N59)
o0900089	s	AN--	AN
o0902033	s	ŠU--	ŠU
o0903297	n	3(N59)--	3(N59)
o0902483	s	ZATU646--	ZATU646
o0902862	n	5(N01)--	5(N01)
o0900279	s	DU--	DU
o0903297	n	3(N59)--	3(N59)
o0902033	s	ŠU--	ŠU
o0903297	n	3(N59)--	3(N59)
o0902483	s	ZATU646--	ZATU646
o0902862	n	5(N01)--	5(N01)
o0900279	s	DU--	DU
o0902860	n	3(N01)--	3(N01)
o0902033	s	ŠU--	ŠU
o0902860	n	3(N01)--	3(N01)
o0902483	s	ZATU646--	ZATU646
o0902858	n	1(N01)--	1(N01)
o0900279	s	DU--	DU
o0903368	s	X--	X
o0902860	n	3(N01)--	3(N01)
o0901659	s	RAD-RAD~a-	RAD~a
o0902261	s	UKKIN-UKKIN~a-	UKKIN~a
o0901614	s	NUNUZ-NUNUZ~a1-	NUNUZ~a1
o0900089	s	AN--	AN
o0900906	s	GU--	GU
o0902859	n	2(N01)--	2(N01)
o0901709	s	SANGA-SANGA~a-	SANGA~a
o0901659	s	RAD-RAD~a-	RAD~a
o0902858	n	1(N01)--	1(N01)
o0901442	s	NA₂-NA₂~a-	NA₂~a
o0900012	s	AB-AB~a-	AB~a
o0902859	n	2(N01)--	2(N01)
o0900494	s	E₂-E₂~b-	E₂~b
o0901625	s	PA-PA~a-	PA~a
o0900871	s	GIR₃@g-GIR₃@g~c-	GIR₃@g~c
o0902060	s	ŠUBUR--	ŠUBUR
o0901746	s	SIG--	SIG
o0901659	s	RAD-RAD~a-	RAD~a
o0901677	s	SAG--	SAG
o0903368	s	X--	X
o0903368	s	X--	X
o0903368	s	X--	X
o0902861	n	4(N01)--	4(N01)
o0902862	n	5(N01)--	5(N01)
o0903368	s	X--	X
o0902139	s	TUR--	TUR
o0901724	s	SI--	SI
o0902225	c	|U₈×TAR|-|U₈×TAR~b|-	|(U₈×TAR)~b|
o0900064	s	AL--	AL
o0901709	s	SANGA-SANGA~a-	SANGA~a
o0902102	s	TE--	TE
o0901659	s	RAD-RAD~a-	RAD~a
o0903368	s	X--	X
o0903368	s	X--	X
o0903368	s	X--	X
o0902102	s	TE--	TE
o0901709	s	SANGA-SANGA~a-	SANGA~a
o0902858	n	1(N01)--	1(N01)
o0901887	s	SUKKAL--	SUKKAL
o0900724	s	GADA-GADA~a-	GADA~a
o0902858	n	1(N01)--	1(N01)
o0900599	s	GA-GA~a-	GA~a
o0900729	s	GAL-GAL~a-	GAL~a
o0902858	n	1(N01)--	1(N01)
o0902858	n	1(N01)--	1(N01)
o0903368	s	X--	X
o0902858	n	1(N01)--	1(N01)
o0902859	n	2(N01)--	2(N01)
o0902860	n	3(N01)--	3(N01)
o0903368	s	X--	X
o0902859	n	2(N01)--	2(N01)
o0902858	n	1(N01)--	1(N01)
o0902858	n	1(N01)--	1(N01)
o0901961	s	ŠE@t-ŠE~a@t-	ŠE~a@t
o0901501	s	NI-NI~a-	NI~a
o0900988	s	IDIGNA--	IDIGNA
o0901145	s	KU₆-KU₆~a-	KU₆~a
o0900000	s	A--	A
o0902860	n	3(N01)--	3(N01)
o0902327	s	UR₅-UR₅~a-	UR₅~a
o0900089	s	AN--	AN
o0902858	n	1(N01)--	1(N01)
o0902243	s	UDU-UDU~a-	UDU~a
o0902858	n	1(N01)--	1(N01)
o0902858	n	1(N01)--	1(N01)
o0902859	n	2(N01)--	2(N01)
o0901320	s	MA₂--	MA₂
o0901080	s	KAŠ-KAŠ~b-	KAŠ~b
o0903210	n	1(N57)--	1(N57)
o0902858	n	1(N01)--	1(N01)
o0903368	s	X--	X
o0902858	n	1(N01)--	1(N01)
o0902139	s	TUR--	TUR
o0900983	s	IB-IB~a-	IB~a
o0902858	n	1(N01)--	1(N01)
o0902757	s	ZATU786--	ZATU786
o0903368	s	X--	X
o0902859	n	2(N01)--	2(N01)
o0902094	s	TAK₄-TAK₄~a-	TAK₄~a
o0900000	s	A--	A
o0900493	s	E₂-E₂~a-	E₂~a
o0903368	s	X--	X
o0902862	n	5(N01)--	5(N01)
o0902506	s	ZATU659--	ZATU659
o0900806	s	GI--	GI
o0902806	s	ZATU839--	ZATU839
o0902859	n	2(N01)--	2(N01)
o0902858	n	1(N01)--	1(N01)
o0903368	s	X--	X
o0903368	s	X--	X
o0903174	n	1(N50)--	1(N50)
o0903139	n	4(N45)--	4(N45)
o0903304	n	1(N63)--	1(N63)
o0903174	n	1(N50)--	1(N50)
o0903164	n	4(N48)--	4(N48)
o0903066	n	7(N34)--	7(N34)
o0903368	s	X--	X
o0902929	n	1(N14)--	1(N14)
o0903005	n	1(N22)--	1(N22)
o0900513	s	EN-EN~a-	EN~a
o0902861	n	4(N01)--	4(N01)
o0902930	n	2(N14)--	2(N14)
o0902094	s	TAK₄-TAK₄~a-	TAK₄~a
o0902094	s	TAK₄-TAK₄~a-	TAK₄~a
o0900000	s	A--	A
o0902863	n	6(N01)--	6(N01)
o0902929	n	1(N14)--	1(N14)
o0903005	n	1(N22)--	1(N22)
o0901918	s	ŠA₃-ŠA₃~a1-	ŠA₃~a1
o0900089	s	AN--	AN
o0901990	s	ŠIDIM--	ŠIDIM
o0902861	n	4(N01)--	4(N01)
o0902929	n	1(N14)--	1(N14)
o0903368	s	X--	X
o0902860	n	3(N01)--	3(N01)
o0902929	n	1(N14)--	1(N14)
o0901468	s	NAM₂--	NAM₂
o0902860	n	3(N01)--	3(N01)
o0902930	n	2(N14)--	2(N14)
o0902094	s	TAK₄-TAK₄~a-	TAK₄~a
o0902094	s	TAK₄-TAK₄~a-	TAK₄~a
o0900000	s	A--	A
o0902139	s	TUR--	TUR
o0902863	n	6(N01)--	6(N01)
o0902139	s	TUR--	TUR
o0901468	s	NAM₂--	NAM₂
o0902327	s	UR₅-UR₅~a-	UR₅~a
o0902929	n	1(N14)--	1(N14)
o0901078	s	KAŠ-KAŠ~a-	KAŠ~a
o0903368	s	X--	X
o0902860	n	3(N01)--	3(N01)
o0902929	n	1(N14)--	1(N14)
o0902860	n	3(N01)--	3(N01)
o0900906	s	GU--	GU~a
o0902929	n	1(N14)--	1(N14)
o0900981	s	I--	I
o0901361	s	MAR-MAR~a-	MAR~a
o0902860	n	3(N01)--	3(N01)
o0902929	n	1(N14)--	1(N14)
o0902146	s	TUR₃-TUR₃~a-	TUR₃~a
o0901437	s	NA-NA~a-	NA~a
o0902860	n	3(N01)--	3(N01)
o0902929	n	1(N14)--	1(N14)
o0901082	s	KAŠ-KAŠ~c-	KAŠ~c
o0901376	s	MAŠ--	MAŠ
o0902930	n	2(N14)--	2(N14)
o0903368	s	X--	X
o0902094	s	TAK₄-TAK₄~a-	TAK₄~a
o0902094	s	TAK₄-TAK₄~a-	TAK₄~a
o0900000	s	A--	A
o0902863	n	6(N01)--	6(N01)
o0902930	n	2(N14)--	2(N14)
o0902156	s	U₂-U₂~a-	U₂~a
o0902869	n	1(N02)--	1(N02)
o0902863	n	6(N01)--	6(N01)
o0903005	n	1(N22)--	1(N22)
o0901030	s	KA-KA~a-	KA~a
o0901082	s	KAŠ-KAŠ~c-	KAŠ~c
o0902858	n	1(N01)--	1(N01)
o0903005	n	1(N22)--	1(N22)
o0902858	n	1(N01)--	1(N01)
o0903005	n	1(N22)--	1(N22)
o0902929	n	1(N14)--	1(N14)
o0903005	n	1(N22)--	1(N22)
o0902861	n	4(N01)--	4(N01)
o0903006	n	2(N22)--	2(N22)
o0900995	s	IL--	IL
o0900617	s	GA₂-GA₂~a2-	GA₂~a2
o0902859	n	2(N01)--	2(N01)
o0903368	s	X--	X
o0902339	s	URU-URU~a1-	URU~a1
o0902930	n	2(N14)--	2(N14)
o0901955	c	|ŠE.NAM₂|-|ŠE~a.NAM₂|-	|ŠE~a.NAM₂|
o0903368	s	X--	X
o0902575	s	ZATU694-ZATU694~c-	ZATU694~c
o0902859	n	2(N01)--	2(N01)
o0902929	n	1(N14)--	1(N14)
o0900806	s	GI--	GI
o0901376	s	MAŠ--	MAŠ
o0902060	s	ŠUBUR--	ŠUBUR
o0902861	n	4(N01)--	4(N01)
o0902929	n	1(N14)--	1(N14)
o0903368	s	X--	X
o0902858	n	1(N01)--	1(N01)
o0901501	s	NI-NI~a-	NI~a
o0900000	s	A--	A
o0902858	n	1(N01)--	1(N01)
o0902929	n	1(N14)--	1(N14)
o0903368	s	X--	X
o0900089	s	AN--	AN
o0902859	n	2(N01)--	2(N01)
o0902929	n	1(N14)--	1(N14)
o0903005	n	1(N22)--	1(N22)
o0900513	s	EN-EN~a-	EN~a
o0903368	s	X--	X
o0902858	n	1(N01)--	1(N01)
o0901524	s	NIN--	NIN
o0901746	s	SIG--	SIG
o0902861	n	4(N01)--	4(N01)
o0903234	n	3(N57)--	3(N57)
o0901639	s	PAP-PAP~a-	PAP~a
o0900513	s	EN-EN~a-	EN~a
o0901677	s	SAG--	SAG
o0902157	s	U₂-U₂~b-	U₂~b
o0902869	n	1(N02)--	1(N02)
o0900513	s	EN-EN~a-	EN~a
o0903368	s	X--	X
o0900806	s	GI--	GI
o0902860	n	3(N01)--	3(N01)
o0901270	s	LAL₂-LAL₂~a-	LAL₂~a
o0901483	s	NE-NE~a-	NE~a
o0903210	n	1(N57)--	1(N57)
o0903234	n	3(N57)--	3(N57)
o0902858	n	1(N01)--	1(N01)
o0902234	s	UD₅-UD₅~a-	UD₅~a
o0901639	s	PAP-PAP~a-	PAP~a
o0901270	s	LAL₂-LAL₂~a-	LAL₂~a
o0901483	s	NE-NE~a-	NE~a
o0902859	n	2(N01)--	2(N01)
o0900100	s	APIN-APIN~a-	APIN~a
o0903234	n	3(N57)--	3(N57)
o0900871	s	GIR₃@g-GIR₃@g~c-	GIR₃@g~c
o0900000	s	A--	A
o0900175	s	BU-BU~a-	BU~a
o0901639	s	PAP-PAP~a-	PAP~a
o0901468	s	NAM₂--	NAM₂
o0902801	s	ZATU836--	ZATU836
o0900175	s	BU-BU~a-	BU~a
o0901946	s	ŠE-ŠE~a-	ŠE~a
o0902220	s	U₈--	U₈
o0901186	s	LAGAB-LAGAB~a-	LAGAB~a
o0901993	s	ŠIM-ŠIM~a-	ŠIM~a
o0903368	s	X--	X
o0902858	n	1(N01)--	1(N01)
o0903234	n	3(N57)--	3(N57)
o0900175	s	BU-BU~a-	BU~a
o0900001	c	|A×AB₂|--	|A×AB₂|
o0902156	s	U₂-U₂~a-	U₂~a
o0900175	s	BU-BU~a-	BU~a
o0902156	s	U₂-U₂~a-	U₂~a
o0902243	s	UDU-UDU~a-	UDU~a
o0901376	s	MAŠ--	MAŠ
o0903368	s	X--	X
o0902373	s	URUDU-URUDU~a-	URUDU~a
o0900115	s	BA--	BA
o0902929	n	1(N14)--	1(N14)
o0902859	n	2(N01)--	2(N01)
o0901677	s	SAG--	SAG
o0902858	n	1(N01)--	1(N01)
o0903368	s	X--	X
o0902858	n	1(N01)--	1(N01)
o0903368	s	X--	X
o0902858	n	1(N01)--	1(N01)
o0903368	s	X--	X
o0902858	n	1(N01)--	1(N01)
o0903368	s	X--	X
o0903368	s	X--	X
o0900494	s	E₂-E₂~b-	E₂~b
o0903368	s	X--	X
o0900089	s	AN--	AN
o0900916	s	GUB₃-GUB₃~a-	GUB₃~a
o0902858	n	1(N01)--	1(N01)
o0901082	s	KAŠ-KAŠ~c-	KAŠ~c
o0902884	n	1(N04)--	1(N04)
o0900089	s	AN--	AN
o0902102	s	TE--	TE
o0902060	s	ŠUBUR--	ŠUBUR
o0902858	n	1(N01)--	1(N01)
o0900920	s	GUG₂--	GUG₂
o0901501	s	NI-NI~a-	NI~a
o0902858	n	1(N01)--	1(N01)
o0901918	s	ŠA₃-ŠA₃~a1-	ŠA₃~a1
o0902858	n	1(N01)--	1(N01)
o0900089	s	AN--	AN
o0901696	s	SAGŠU--	SAGŠU
o0902858	n	1(N01)--	1(N01)
o0901082	s	KAŠ-KAŠ~c-	KAŠ~c
o0901426	s	MUŠEN--	MUŠEN
o0901376	s	MAŠ--	MAŠ
o0900089	s	AN--	AN
o0901501	s	NI-NI~a-	NI~a
o0902858	n	1(N01)--	1(N01)
o0900089	s	AN--	AN
o0901501	s	NI-NI~a-	NI~a
o0903368	s	X--	X
o0900493	s	E₂-E₂~a-	E₂~a
o0903368	s	X--	X
o0903368	s	X--	X
o0900089	s	AN--	AN
o0901613	s	NUNUZ-NUNUZ~a0-	NUNUZ~a0
o0902858	n	1(N01)--	1(N01)
o0901361	s	MAR-MAR~a-	MAR~a
o0901501	s	NI-NI~a-	NI~a
o0902858	n	1(N01)--	1(N01)
o0901030	s	KA-KA~a-	KA~a
o0900000	s	A--	A
o0902858	n	1(N01)--	1(N01)
o0901670	s	RU--	RU
o0902858	n	1(N01)--	1(N01)
o0901501	s	NI-NI~a-	NI~a
o0900000	s	A--	A
o0902858	n	1(N01)--	1(N01)
o0901137	s	KU-KU~b1-	KU~b1
o0900089	s	AN--	AN
o0903368	s	X--	X
o0902858	n	1(N01)--	1(N01)
o0903368	s	X--	X
o0903368	s	X--	X
o0903368	s	X--	X
o0902858	n	1(N01)--	1(N01)
o0903368	s	X--	X
o0902858	n	1(N01)--	1(N01)
o0901392	s	MU--	MU
o0903368	s	X--	X
o0903368	s	X--	X
o0903368	s	X--	X
o0900822	c	|GI&GI|--	|GI&GI|
o0900154	s	BAR--	BAR
o0900875	s	GIŠ--	GIŠ
o0901724	s	SI--	SI
o0901437	s	NA-NA~a-	NA~a
o0900541	s	ERIM-ERIM~a-	ERIM~a
o0901866	s	SIMUG--	SIMUG
o0902400	s	UTUA-UTUA~a-	UTUA~a
o0902929	n	1(N14)--	1(N14)
o0902250	s	UDUNITA-UDUNITA~a-	UDUNITA~a
o0902930	n	2(N14)--	2(N14)
o0902864	n	7(N01)--	7(N01)
o0901593	s	NUN-NUN~b-	NUN~b
o0901746	s	SIG--	SIG
o0901659	s	RAD-RAD~a-	RAD~a
o0903059	n	1(N34)--	1(N34)
o0902930	n	2(N14)--	2(N14)
o0902243	s	UDU-UDU~a-	UDU~a
o0902859	n	2(N01)--	2(N01)
o0901270	s	LAL₂-LAL₂~a-	LAL₂~a
o0901483	s	NE-NE~a-	NE~a
o0902860	n	3(N01)--	3(N01)
o0903368	s	X--	X
o0903059	n	1(N34)--	1(N34)
o0902930	n	2(N14)--	2(N14)
o0902860	n	3(N01)--	3(N01)
o0902339	s	URU-URU~a1-	URU~a1
o0900175	s	BU-BU~a-	BU~a
o0901625	s	PA-PA~a-	PA~a
o0900000	s	A--	A
o0900089	s	AN--	AN
o0903368	s	X--	X
o0902060	s	ŠUBUR--	ŠUBUR
o0900101	s	APIN-APIN~b-	APIN~b
o0903368	s	X--	X
o0901501	s	NI-NI~a-	NI~a
o0902161	s	U₄--	U₄
o0903368	s	X--	X
o0901639	s	PAP-PAP~a-	PAP~a
o0901697	s	SAL--	SAL
o0903368	s	X--	X
o0901501	s	NI-NI~a-	NI~a
o0901313	s	MA--	MA
o0903368	s	X--	X
o0902060	s	ŠUBUR--	ŠUBUR
o0903368	s	X--	X
o0903368	s	X--	X
o0903368	s	X--	X
o0903368	s	X--	X
o0902060	s	ŠUBUR--	ŠUBUR
o0900513	s	EN-EN~a-	EN~a
o0902443	s	ZATU624-ZATU624~b-	ZATU624~b
o0901584	s	NU--	NU
o0901670	s	RU--	RU
o0901090	s	KI--	KI
o0902858	n	1(N01)--	1(N01)
o0902506	s	ZATU659--	ZATU659
o0901639	s	PAP-PAP~a-	PAP~a
o0900154	s	BAR--	BAR
o0902339	s	URU-URU~a1-	URU~a1
o0902929	n	1(N14)--	1(N14)
o0902864	n	7(N01)--	7(N01)
o0903368	s	X--	X
o0902929	n	1(N14)--	1(N14)
o0900513	s	EN-EN~a-	EN~a
o0901592	s	NUN-NUN~a-	NUN~a
o0903368	s	X--	X
o0902859	n	2(N01)--	2(N01)
o0903368	s	X--	X
o0902859	n	2(N01)--	2(N01)
o0902861	n	4(N01)--	4(N01)
o0903174	n	1(N50)--	1(N50)
o0902935	n	5(N14)-5(N14)~v1-	5(N14)
o0900541	s	ERIM-ERIM~a-	ERIM~a
o0901158	s	KUR-KUR~a-	KUR~a
o0902157	s	U₂-U₂~b-	U₂~b
o0902933	n	4(N14)--	4(N14)
o0902862	n	5(N01)--	5(N01)
o0903062	n	3(N34)--	3(N34)
o0902862	n	5(N01)--	5(N01)
o0902243	s	UDU-UDU~a-	UDU~a
o0902858	n	1(N01)--	1(N01)
o0903368	s	X--	X
o0902858	n	1(N01)--	1(N01)
o0901939	s	ŠAKIR-ŠAKIR~b-	ŠAKIR~b
o0902858	n	1(N01)--	1(N01)
o0902858	n	1(N01)--	1(N01)
o0902858	n	1(N01)--	1(N01)
o0902858	n	1(N01)--	1(N01)
o0902858	n	1(N01)--	1(N01)
o0902858	n	1(N01)--	1(N01)
o0902039	s	ŠU₂-ŠU₂~a-	ŠU₂
o0900906	s	GU--	GU
o0902858	n	1(N01)--	1(N01)
o0902039	s	ŠU₂-ŠU₂~a-	ŠU₂
o0900906	s	GU--	GU
o0902858	n	1(N01)--	1(N01)
o0900729	s	GAL-GAL~a-	GAL~a
o0902136	s	TUN₃-TUN₃~a-	TUN₃~a
o0902858	n	1(N01)--	1(N01)
o0903222	n	2(N57)--	2(N57)
o0902033	s	ŠU--	ŠU
o0902136	s	TUN₃-TUN₃~a-	TUN₃~a
o0902858	n	1(N01)--	1(N01)
o0903210	n	1(N57)--	1(N57)
o0902033	s	ŠU--	ŠU
o0902136	s	TUN₃-TUN₃~a-	TUN₃~a
o0902858	n	1(N01)--	1(N01)
o0900064	s	AL--	AL
o0902858	n	1(N01)--	1(N01)
o0903059	n	1(N34)--	1(N34)
o0902861	n	4(N01)--	4(N01)
o0902933	n	4(N14)--	4(N14)
o0902858	n	1(N01)--	1(N01)
o0901946	s	ŠE-ŠE~a-	ŠE~a
o0901677	s	SAG--	SAG
o0901659	s	RAD-RAD~a-	RAD~a
o0902935	n	5(N14)-5(N14)~v1-	5(N14)
o0903368	s	X--	X
o0902859	n	2(N01)--	2(N01)
o0903100	n	2(N39)-2(N39~a)-	2(N39~a)
o0903016	n	1(N24)--	1(N24)
o0900115	s	BA--	BA
o0901744	s	SI₄-SI₄~f-	SI₄~f
o0902929	n	1(N14)--	1(N14)
o0902940	n	9(N14)--	9(N14)
o0900501	c	|E₂×3(N57)|-|E₂~b×3(N57)|-	|E₂~b×3(N57)|
o0901133	s	KITI--	KITI
o0902937	n	6(N14)-6(N14)~v1-	6(N14)
o0902859	n	2(N01)--	2(N01)
o0900506	c	|E₂×3(N58)|-|E₂~a×3(N58)|-	|E₂~a×3(N58)|
o0902763	s	ZATU795--	ZATU795
o0901284	s	LAM-LAM~b-	LAM~b
o0902930	n	2(N14)--	2(N14)
o0902929	n	1(N14)--	1(N14)
o0902858	n	1(N01)--	1(N01)
o0903097	n	1(N39)-1(N39~a)-	1(N39~a)
o0900115	s	BA--	BA
o0902929	n	1(N14)--	1(N14)
o0902858	n	1(N01)--	1(N01)
o0903097	n	1(N39)-1(N39~a)-	1(N39~a)
o0903016	n	1(N24)--	1(N24)
o0903368	s	X--	X
o0903368	s	X--	X
o0902932	n	3(N14)--	3(N14)
o0901870	s	SU-SU~a-	SU~a
o0901639	s	PAP-PAP~a-	PAP~a
o0902861	n	4(N01)--	4(N01)
o0903368	s	X--	X
o0902861	n	4(N01)--	4(N01)
o0903368	s	X--	X
o0903368	s	X--	X
o0902858	n	1(N01)--	1(N01)
o0901910	s	ŠA--	ŠA
o0902858	n	1(N01)--	1(N01)
o0900260	s	DI--	DI
o0902858	n	1(N01)--	1(N01)
o0903368	s	X--	X
o0902858	n	1(N01)--	1(N01)
o0903059	n	1(N34)--	1(N34)
o0902932	n	3(N14)--	3(N14)
o0902859	n	2(N01)--	2(N01)
o0902247	c	|UDU×TAR|-|UDU~a×TAR~a|-	|(UDU~a×TAR)~a|
o0902094	s	TAK₄-TAK₄~a-	TAK₄~a
o0903368	s	X--	X
o0902862	n	5(N01)--	5(N01)
o0902157	s	U₂-U₂~b-	U₂~b
o0901677	s	SAG--	SAG
o0903062	n	3(N34)--	3(N34)
o0902932	n	3(N14)--	3(N14)
o0902866	n	9(N01)--	9(N01)
o0902805	s	ZATU838--	ZATU838
o0901468	s	NAM₂--	NAM₂
o0901659	s	RAD-RAD~a-	RAD~a
o0901625	s	PA-PA~a-	PA~a
o0903059	n	1(N34)--	1(N34)
o0902932	n	3(N14)--	3(N14)
o0902859	n	2(N01)--	2(N01)
o0902806	s	ZATU839--	ZATU839
o0900806	s	GI--	GI
o0903061	n	2(N34)--	2(N34)
o0902929	n	1(N14)--	1(N14)
o0900983	s	IB-IB~a-	IB~a
o0902332	s	URI₃-URI₃~a-	URI₃~a
o0902858	n	1(N01)--	1(N01)
o0901158	s	KUR-KUR~a-	KUR~a
o0901128	s	KIŠ--	KIŠ
o0902858	n	1(N01)--	1(N01)
o0901697	s	SAL--	SAL
o0901128	s	KIŠ--	KIŠ
o0903059	n	1(N34)--	1(N34)
o0902932	n	3(N14)--	3(N14)
o0902861	n	4(N01)--	4(N01)
o0902858	n	1(N01)--	1(N01)
o0900836	s	GI₆--	GI₆
o0900041	s	AB₂--	AB₂
o0902858	n	1(N01)--	1(N01)
o0901158	s	KUR-KUR~a-	KUR~a
o0901128	s	KIŠ--	KIŠ
o0901697	s	SAL--	SAL
o0901128	s	KIŠ--	KIŠ
o0903368	s	X--	X
o0903061	n	2(N34)--	2(N34)
o0902933	n	4(N14)--	4(N14)
o0902860	n	3(N01)--	3(N01)
o0901187	s	LAGAB-LAGAB~b-	LAGAB~b
o0901090	s	KI--	KI
o0901659	s	RAD-RAD~a-	RAD~a
o0901904	s	SUM-SUM~b-	SUM~b
o0903368	s	X--	X
o0903368	s	X--	X
o0903059	n	1(N34)--	1(N34)
o0902858	n	1(N01)--	1(N01)
o0902858	n	1(N01)--	1(N01)
o0902400	s	UTUA-UTUA~a-	UTUA~a
o0902929	n	1(N14)--	1(N14)
o0902864	n	7(N01)--	7(N01)
o0901593	s	NUN-NUN~b-	NUN~b
o0902864	n	7(N01)--	7(N01)
o0902250	s	UDUNITA-UDUNITA~a-	UDUNITA~a
o0902866	n	9(N01)--	9(N01)
o0901377	s	MAŠ₂--	MAŠ₂
o0901955	c	|ŠE.NAM₂|-|ŠE~a.NAM₂|-	|ŠE~a.NAM₂|
o0902860	n	3(N01)--	3(N01)
o0902243	s	UDU-UDU~a-	UDU~a
o0902935	n	5(N14)-5(N14)~v1-	5(N14)
o0902858	n	1(N01)--	1(N01)
o0901186	s	LAGAB-LAGAB~a-	LAGAB~a
o0900312	s	DUB-DUB~a-	DUB~a
o0903368	s	X--	X
o0902860	n	3(N01)--	3(N01)
o0900154	s	BAR--	BAR
o0902860	n	3(N01)--	3(N01)
o0902575	s	ZATU694-ZATU694~c-	ZATU694~c
o0901184	s	LA₂--	LA₂
o0901614	s	NUNUZ-NUNUZ~a1-	NUNUZ~a1
o0902861	n	4(N01)--	4(N01)
o0901472	s	NAMEŠDA--	NAMEŠDA
o0902862	n	5(N01)--	5(N01)
o0900217	s	DA-DA~a-	DA~a
o0900829	s	GI₄-GI₄~a-	GI₄~a
o0900089	s	AN--	AN
o0902859	n	2(N01)--	2(N01)
o0900228	s	DAR-DAR~a-	DAR~a
o0901501	s	NI-NI~a-	NI~a
o0902859	n	2(N01)--	2(N01)
o0900724	s	GADA-GADA~a-	GADA~a
o0901186	s	LAGAB-LAGAB~a-	LAGAB~a
o0902859	n	2(N01)--	2(N01)
o0900139	s	BAN-BAN~b-	BAN~b
o0900089	s	AN--	AN
o0900906	s	GU--	GU
o0902861	n	4(N01)--	4(N01)
o0901674	s	SA-SA~a-	SA~a
o0900089	s	AN--	AN
o0900845	s	GIR-GIR~a-	GIR~a
o0902858	n	1(N01)--	1(N01)
o0901887	s	SUKKAL--	SUKKAL
o0902858	n	1(N01)--	1(N01)
o0901670	s	RU--	RU
o0902929	n	1(N14)--	1(N14)
o0900806	s	GI--	GI
o0900089	s	AN--	AN
o0900115	s	BA--	BA
o0902860	n	3(N01)--	3(N01)
o0900890	s	GIŠ₃-GIŠ₃~b-	GIŠ₃~b
o0900089	s	AN--	AN
o0901697	s	SAL--	SAL
o0902860	n	3(N01)--	3(N01)
o0901145	s	KU₆-KU₆~a-	KU₆~a
o0901426	s	MUŠEN--	MUŠEN
o0901376	s	MAŠ--	MAŠ
o0902859	n	2(N01)--	2(N01)
o0902060	s	ŠUBUR--	ŠUBUR
o0900976	s	HI@g-HI@g~a-	HI@g~a
o0902858	n	1(N01)--	1(N01)
o0902384	s	UŠ-UŠ~a-	UŠ~a
o0900960	s	HI--	HI
o0900806	s	GI--	GI
o0902860	n	3(N01)--	3(N01)
o0902234	s	UD₅-UD₅~a-	UD₅~a
o0902858	n	1(N01)--	1(N01)
o0901918	s	ŠA₃-ŠA₃~a1-	ŠA₃~a1
o0901414	s	MUNŠUB-MUNŠUB~b-	MUNŠUB~b
o0902859	n	2(N01)--	2(N01)
o0900229	s	DAR-DAR~b-	DAR~b
o0900055	s	AD-AD~c-	AD~c
o0902861	n	4(N01)--	4(N01)
o0901052	s	KAK-KAK~a-	KAK~a
o0902862	n	5(N01)--	5(N01)
o0900089	s	AN--	AN
o0902332	s	URI₃-URI₃~a-	URI₃~a
o0901437	s	NA-NA~a-	NA~a
o0902860	n	3(N01)--	3(N01)
o0901426	s	MUŠEN--	MUŠEN
o0902139	s	TUR--	TUR
o0902859	n	2(N01)--	2(N01)
o0901614	s	NUNUZ-NUNUZ~a1-	NUNUZ~a1
o0901614	s	NUNUZ-NUNUZ~a1-	NUNUZ~a1
o0902862	n	5(N01)--	5(N01)
o0900089	s	AN--	AN
o0901481	s	NAR--	NAR
o0901918	s	ŠA₃-ŠA₃~a1-	ŠA₃~a1
o0902860	n	3(N01)--	3(N01)
o0901022	s	IŠ-IŠ~b-	IŠ~b
o0902858	n	1(N01)--	1(N01)
o0900089	s	AN--	AN
o0900890	s	GIŠ₃-GIŠ₃~b-	GIŠ₃~b
o0902861	n	4(N01)--	4(N01)
o0900089	s	AN--	AN
o0902094	s	TAK₄-TAK₄~a-	TAK₄~a
o0900494	s	E₂-E₂~b-	E₂~b
o0902860	n	3(N01)--	3(N01)
o0901625	s	PA-PA~a-	PA~a
o0900260	s	DI--	DI
o0900053	s	AD-AD~a-	AD~a
o0902858	n	1(N01)--	1(N01)
o0900988	s	IDIGNA--	IDIGNA
o0900053	s	AD-AD~a-	AD~a
o0902220	s	U₈--	U₈
o0902234	s	UD₅-UD₅~a-	UD₅~a
o0902862	n	5(N01)--	5(N01)
o0902400	s	UTUA-UTUA~a-	UTUA~a
o0902863	n	6(N01)--	6(N01)
o0902250	s	UDUNITA-UDUNITA~a-	UDUNITA~a
o0902930	n	2(N14)--	2(N14)
o0903368	s	X--	X
o0901593	s	NUN-NUN~b-	NUN~b
o0902858	n	1(N01)--	1(N01)
o0901377	s	MAŠ₂--	MAŠ₂
o0902234	s	UD₅-UD₅~a-	UD₅~a
o0902400	s	UTUA-UTUA~a-	UTUA~a
o0901377	s	MAŠ₂--	MAŠ₂
o0902858	n	1(N01)--	1(N01)
o0900724	s	GADA-GADA~a-	GADA~a
o0900279	s	DU--	DU
o0900041	s	AB₂--	AB₂
o0902858	n	1(N01)--	1(N01)
o0900513	s	EN-EN~a-	EN~a
o0901005	s	IN-IN~b-	IN~b
o0902858	n	1(N01)--	1(N01)
o0903368	s	X--	X
o0903368	s	X--	X
o0902858	n	1(N01)--	1(N01)
o0900724	s	GADA-GADA~a-	GADA~a
o0901426	s	MUŠEN--	MUŠEN
o0903368	s	X--	X
o0903368	s	X--	X
o0902250	s	UDUNITA-UDUNITA~a-	UDUNITA~a
o0902400	s	UTUA-UTUA~a-	UTUA~a
o0902858	n	1(N01)--	1(N01)
o0901501	s	NI-NI~a-	NI~a
o0900890	s	GIŠ₃-GIŠ₃~b-	GIŠ₃~b
o0902858	n	1(N01)--	1(N01)
o0902575	s	ZATU694-ZATU694~c-	ZATU694~c
o0901082	s	KAŠ-KAŠ~c-	KAŠ~c
o0901082	s	KAŠ-KAŠ~c-	KAŠ~c
o0903368	s	X--	X
o0902859	n	2(N01)--	2(N01)
o0901158	s	KUR-KUR~a-	KUR~a
o0902157	s	U₂-U₂~b-	U₂~b
o0902373	s	URUDU-URUDU~a-	URUDU~a
o0902373	s	URUDU-URUDU~a-	URUDU~a
o0902859	n	2(N01)--	2(N01)
o0903368	s	X--	X
o0902858	n	1(N01)--	1(N01)
o0902860	n	3(N01)--	3(N01)
o0900541	s	ERIM-ERIM~a-	ERIM~a
o0901648	s	PIRIG-PIRIG~b1-	PIRIG~b1
o0902858	n	1(N01)--	1(N01)
o0903368	s	X--	X
o0901030	s	KA-KA~a-	KA~a
o0903234	n	3(N57)--	3(N57)
o0900532	c	|EN₂.E₂|-|EN₂.E₂~b|-	|EN₂.E₂~b|
o0902858	n	1(N01)--	1(N01)
o0902858	n	1(N01)--	1(N01)
o0901044	s	KAB--	KAB
o0902858	n	1(N01)--	1(N01)
o0901468	s	NAM₂--	NAM₂
o0900260	s	DI--	DI
o0902858	n	1(N01)--	1(N01)
o0901468	s	NAM₂--	NAM₂
o0901468	s	NAM₂--	NAM₂
o0902858	n	1(N01)--	1(N01)
o0902858	n	1(N01)--	1(N01)
o0901468	s	NAM₂--	NAM₂
o0901625	s	PA-PA~a-	PA~a
o0901659	s	RAD-RAD~a-	RAD~a
o0902858	n	1(N01)--	1(N01)
o0900012	s	AB-AB~a-	AB~a
o0901380	s	ME-ME~a-	ME~a
o0902858	n	1(N01)--	1(N01)
o0900729	s	GAL-GAL~a-	GAL~a
o0903281	c	|1(N58).BAD|--	|1(N58).BAD~a|
o0902858	n	1(N01)--	1(N01)
o0900513	s	EN-EN~a-	EN~a
o0902858	n	1(N01)--	1(N01)
o0902858	n	1(N01)--	1(N01)
o0902858	n	1(N01)--	1(N01)
o0902933	n	4(N14)--	4(N14)
o0902858	n	1(N01)--	1(N01)
o0903368	s	X--	X
o0902863	n	6(N01)--	6(N01)
o0900115	s	BA--	BA
o0902033	s	ŠU--	ŠU
o0902033	s	ŠU--	ŠU
o0901639	s	PAP-PAP~a-	PAP~a
o0902146	s	TUR₃-TUR₃~a-	TUR₃~a
o0900279	s	DU--	DU
o0903234	n	3(N57)--	3(N57)
o0901501	s	NI-NI~a-	NI~a
o0900860	s	GIR₃-GIR₃~c-	GIR₃~c
o0900829	s	GI₄-GI₄~a-	GI₄~a
o0901918	s	ŠA₃-ŠA₃~a1-	ŠA₃~a1
o0901483	s	NE-NE~a-	NE~a
o0902749	s	ZATU778--	ZATU778
o0900269	s	DIM-DIM~a-	DIM~a
o0903368	s	X--	X
o0903368	s	X--	X
o0902860	n	3(N01)--	3(N01)
o0902860	n	3(N01)--	3(N01)
o0900115	s	BA--	BA
o0902139	s	TUR--	TUR
o0902862	n	5(N01)--	5(N01)
o0900806	s	GI--	GI
o0902872	n	3(N02)--	3(N02)
o0900279	s	DU--	DU
o0902102	s	TE--	TE
o0902763	s	ZATU795--	ZATU795
o0901284	s	LAM-LAM~b-	LAM~b
o0902859	n	2(N01)--	2(N01)
o0902220	s	U₈--	U₈
o0902930	n	2(N14)--	2(N14)
o0902859	n	2(N01)--	2(N01)
o0902234	s	UD₅-UD₅~a-	UD₅~a
o0902858	n	1(N01)--	1(N01)
o0902400	s	UTUA-UTUA~a-	UTUA~a
o0902863	n	6(N01)--	6(N01)
o0901593	s	NUN-NUN~b-	NUN~b
o0902858	n	1(N01)--	1(N01)
o0902250	s	UDUNITA-UDUNITA~a-	UDUNITA~a
o0902858	n	1(N01)--	1(N01)
o0901377	s	MAŠ₂--	MAŠ₂
o0902932	n	3(N14)--	3(N14)
o0902860	n	3(N01)--	3(N01)
o0902243	s	UDU-UDU~a-	UDU~a
o0902033	s	ŠU--	ŠU
o0900908	s	GU₄--	GU₄
o0901137	s	KU-KU~b1-	KU~b1
o0901414	s	MUNŠUB-MUNŠUB~b-	MUNŠUB~b
o0900908	s	GU₄--	GU₄
o0901090	s	KI--	KI
o0902033	s	ŠU--	ŠU
o0900806	s	GI--	GI
o0900226	s	DANNA--	DANNA
o0901158	s	KUR-KUR~a-	KUR~a
o0901075	s	KASKAL--	KASKAL
o0901082	s	KAŠ-KAŠ~c-	KAŠ~c
o0901426	s	MUŠEN--	MUŠEN
o0900493	s	E₂-E₂~a-	E₂~a
o0901030	s	KA-KA~a-	KA~a
o0900513	s	EN-EN~a-	EN~a
o0900279	s	DU--	DU
o0903368	s	X--	X
o0901437	s	NA-NA~a-	NA~a
o0901426	s	MUŠEN--	MUŠEN
o0900806	s	GI--	GI
o0900053	s	AD-AD~a-	AD~a
o0903368	s	X--	X
o0902103	s	TI--	TI
o0902829	s	ZI-ZI~a-	ZI~a
o0901483	s	NE-NE~a-	NE~a
o0900493	s	E₂-E₂~a-	E₂~a
o0901639	s	PAP-PAP~a-	PAP~a
o0902858	n	1(N01)--	1(N01)
o0902206	c	|U₄×1(N57)|--	|U₄×1(N57)|
o0902139	s	TUR--	TUR
o0903234	n	3(N57)--	3(N57)
o0902864	n	7(N01)--	7(N01)
o0902208	c	|U₄×3(N57)|--	|U₄×3(N57)|
o0902139	s	TUR--	TUR
o0900269	s	DIM-DIM~a-	DIM~a
o0900217	s	DA-DA~a-	DA~a
o0902302	s	UR-UR~a-	UR~a
o0902302	s	UR-UR~a-	UR~a
o0901184	s	LA₂--	LA₂
o0903368	s	X--	X
o0901442	s	NA₂-NA₂~a-	NA₂~a
o0903234	n	3(N57)--	3(N57)
o0903368	s	X--	X
o0903368	s	X--	X
o0903368	s	X--	X
o0903368	s	X--	X
o0903368	s	X--	X
o0903368	s	X--	X
o0901090	s	KI--	KI
o0903368	s	X--	X
o0901639	s	PAP-PAP~a-	PAP~a
o0901870	s	SU-SU~a-	SU~a
o0903210	n	1(N57)--	1(N57)
o0901407	s	MUN-MUN~a1-	MUN~a1
o0902930	n	2(N14)--	2(N14)
o0902865	n	8(N01)--	8(N01)
o0900064	s	AL--	AL
o0902929	n	1(N14)--	1(N14)
o0902859	n	2(N01)--	2(N01)
o0901659	s	RAD-RAD~a-	RAD~a
o0902858	n	1(N01)--	1(N01)
o0901593	s	NUN-NUN~b-	NUN~b
o0902932	n	3(N14)--	3(N14)
o0901377	s	MAŠ₂--	MAŠ₂
o0902859	n	2(N01)--	2(N01)
o0903368	s	X--	X
o0903064	n	5(N34)--	5(N34)
o0902929	n	1(N14)--	1(N14)
o0902860	n	3(N01)--	3(N01)
o0902858	n	1(N01)--	1(N01)
o0902930	n	2(N14)--	2(N14)
o0900115	s	BA--	BA
o0902929	n	1(N14)--	1(N14)
o0900493	s	E₂-E₂~a-	E₂~a
o0901625	s	PA-PA~a-	PA~a
o0902859	n	2(N01)--	2(N01)
o0902932	n	3(N14)--	3(N14)
o0901718	s	SAR-SAR~a-	SAR~a
o0901030	s	KA-KA~a-	KA~a
o0902866	n	9(N01)--	9(N01)
o0903368	s	X--	X
o0900175	s	BU-BU~a-	BU~a
o0900000	s	A--	A
o0900279	s	DU--	DU
o0901724	s	SI--	SI
o0901304	s	LU₂--	LU₂
o0902858	n	1(N01)--	1(N01)
o0901361	s	MAR-MAR~a-	MAR~a
o0900981	s	I--	I
o0902858	n	1(N01)--	1(N01)
o0902000	s	ŠIR-ŠIR~b-	ŠIR~b
o0901501	s	NI-NI~a-	NI~a
o0903368	s	X--	X
o0900089	s	AN--	AN
o0902859	n	2(N01)--	2(N01)
o0901593	s	NUN-NUN~b-	NUN~b
o0902858	n	1(N01)--	1(N01)
o0902250	s	UDUNITA-UDUNITA~a-	UDUNITA~a
o0901128	s	KIŠ--	KIŠ
o0901128	s	KIŠ--	KIŠ
o0902930	n	2(N14)--	2(N14)
o0902859	n	2(N01)--	2(N01)
o0902858	n	1(N01)--	1(N01)
o0902858	n	1(N01)--	1(N01)
o0900461	c	|DUG×X|-|DUG~b×X|-	|DUG~b×X|
o0902858	n	1(N01)--	1(N01)
o0900408	c	|DUG×NAGA|-|DUG~b×NAGA~a|-	|DUG~b×NAGA~a|
o0902858	n	1(N01)--	1(N01)
o0900461	c	|DUG×X|-|DUG~b×X|-	|DUG~b×X|
o0902858	n	1(N01)--	1(N01)
o0902858	n	1(N01)--	1(N01)
o0900742	s	GAN-GAN~c-	GAN~c
o0902858	n	1(N01)--	1(N01)
o0900742	s	GAN-GAN~c-	GAN~c
o0900983	s	IB-IB~a-	IB~a
o0902332	s	URI₃-URI₃~a-	URI₃~a
o0902860	n	3(N01)--	3(N01)
o0903368	s	X--	X
o0903210	n	1(N57)--	1(N57)
o0900115	s	BA--	BA
o0903368	s	X--	X
o0901746	s	SIG--	SIG
o0902859	n	2(N01)--	2(N01)
o0903368	s	X--	X
o0902858	n	1(N01)--	1(N01)
o0901592	s	NUN-NUN~a-	NUN~a
o0900217	s	DA-DA~a-	DA~a
o0902858	n	1(N01)--	1(N01)
o0902157	s	U₂-U₂~b-	U₂~b
o0901614	s	NUNUZ-NUNUZ~a1-	NUNUZ~a1
o0901468	s	NAM₂--	NAM₂
o0901044	s	KAB--	KAB
o0900983	s	IB-IB~a-	IB~a
o0903368	s	X--	X
o0903368	s	X--	X
o0901501	s	NI-NI~a-	NI~a
o0901313	s	MA--	MA
o0900000	s	A--	A
o0900617	s	GA₂-GA₂~a2-	GA₂~a2
o0901133	s	KITI--	KITI
o0903368	s	X--	X
o0902858	n	1(N01)--	1(N01)
o0902139	s	TUR--	TUR
o0902858	n	1(N01)--	1(N01)
o0902033	s	ŠU--	ŠU
o0901724	s	SI--	SI
o0901186	s	LAGAB-LAGAB~a-	LAGAB~a
o0902929	n	1(N14)--	1(N14)
o0902863	n	6(N01)--	6(N01)
o0902863	n	6(N01)--	6(N01)
o0902858	n	1(N01)--	1(N01)
o0901724	s	SI--	SI
o0902809	s	ZATU841--	ZATU841
o0901724	s	SI--	SI
o0902102	s	TE--	TE
o0901659	s	RAD-RAD~a-	RAD~a
o0902858	n	1(N01)--	1(N01)
o0901724	s	SI--	SI
o0903368	s	X--	X
o0900089	s	AN--	AN
o0900217	s	DA-DA~a-	DA~a
o0902858	n	1(N01)--	1(N01)
o0902803	s	ZATU837-ZATU837~a-	ZATU837~a
o0902930	n	2(N14)--	2(N14)
o0902860	n	3(N01)--	3(N01)
o0902858	n	1(N01)--	1(N01)
o0903368	s	X--	X
o0902858	n	1(N01)--	1(N01)
o0902220	s	U₈--	U₈
o0902858	n	1(N01)--	1(N01)
o0902858	n	1(N01)--	1(N01)
o0902400	s	UTUA-UTUA~a-	UTUA~a
o0902858	n	1(N01)--	1(N01)
o0902861	n	4(N01)--	4(N01)
o0902250	s	UDUNITA-UDUNITA~a-	UDUNITA~a
o0903368	s	X--	X
o0903368	s	X--	X
o0902858	n	1(N01)--	1(N01)
o0900836	s	GI₆--	GI₆
o0902858	n	1(N01)--	1(N01)
o0902250	s	UDUNITA-UDUNITA~a-	UDUNITA~a
o0902860	n	3(N01)--	3(N01)
o0902250	s	UDUNITA-UDUNITA~a-	UDUNITA~a
o0900908	s	GU₄--	GU₄
o0900836	s	GI₆--	GI₆
o0902858	n	1(N01)--	1(N01)
o0901128	s	KIŠ--	KIŠ
o0901158	s	KUR-KUR~a-	KUR~a
o0902930	n	2(N14)--	2(N14)
o0903368	s	X--	X
o0900175	s	BU-BU~a-	BU~a
o0901639	s	PAP-PAP~a-	PAP~a
o0901468	s	NAM₂--	NAM₂
o0902858	n	1(N01)--	1(N01)
o0903368	s	X--	X
o0902858	n	1(N01)--	1(N01)
o0902060	s	ŠUBUR--	ŠUBUR
o0901659	s	RAD-RAD~a-	RAD~a
o0902864	n	7(N01)--	7(N01)
o0901941	s	ŠAM₂--	ŠAM₂
o0902858	n	1(N01)--	1(N01)
o0900494	s	E₂-E₂~b-	E₂~b
o0901090	s	KI--	KI
o0902859	n	2(N01)--	2(N01)
o0902859	n	2(N01)--	2(N01)
o0902859	n	2(N01)--	2(N01)
o0903368	s	X--	X
o0902858	n	1(N01)--	1(N01)
o0900064	s	AL--	AL
o0903222	n	2(N57)--	2(N57)
o0901407	s	MUN-MUN~a1-	MUN~a1
o0902859	n	2(N01)--	2(N01)
o0900806	s	GI--	GI
o0902033	s	ŠU--	ŠU
o0902339	s	URU-URU~a1-	URU~a1
o0903368	s	X--	X
o0903368	s	X--	X
o0902859	n	2(N01)--	2(N01)
o0902033	s	ŠU--	ŠU
o0901063	s	KALAM-KALAM~b-	KALAM~b
o0900513	s	EN-EN~a-	EN~a
o0900331	s	DUG-DUG~a-	DUG~a
o0903368	s	X--	X
o0903368	s	X--	X
o0903222	n	2(N57)--	2(N57)
o0901625	s	PA-PA~a-	PA~a
o0902318	s	UR₃-UR₃~b2-	UR₃~b2
o0902858	n	1(N01)--	1(N01)
o0901063	s	KALAM-KALAM~b-	KALAM~b
o0900089	s	AN--	AN
o0901588	s	NU₁₁@t--	NU₁₁@t
o0902871	n	2(N02)--	2(N02)
o0901052	s	KAK-KAK~a-	KAK~a
o0901052	s	KAK-KAK~a-	KAK~a
o0901639	s	PAP-PAP~a-	PAP~a
o0901697	s	SAL--	SAL
o0903210	n	1(N57)--	1(N57)
o0901639	s	PAP-PAP~a-	PAP~a
o0901870	s	SU-SU~a-	SU~a
o0902866	n	9(N01)--	9(N01)
o0903222	n	2(N57)--	2(N57)
o0901639	s	PAP-PAP~a-	PAP~a
o0901870	s	SU-SU~a-	SU~a
o0902862	n	5(N01)--	5(N01)
o0900115	s	BA--	BA
o0902859	n	2(N01)--	2(N01)
o0900806	s	GI--	GI
o0902859	n	2(N01)--	2(N01)
o0901063	s	KALAM-KALAM~b-	KALAM~b
o0902033	s	ŠU--	ŠU
o0902866	n	9(N01)--	9(N01)
o0902859	n	2(N01)--	2(N01)
o0900115	s	BA--	BA
o0902861	n	4(N01)--	4(N01)
o0900806	s	GI--	GI
o0902860	n	3(N01)--	3(N01)
o0901063	s	KALAM-KALAM~b-	KALAM~b
o0902864	n	7(N01)--	7(N01)
o0900115	s	BA--	BA
o0902863	n	6(N01)--	6(N01)
o0900806	s	GI--	GI
o0902862	n	5(N01)--	5(N01)
o0901063	s	KALAM-KALAM~b-	KALAM~b
o0902929	n	1(N14)--	1(N14)
o0902865	n	8(N01)--	8(N01)
o0900279	s	DU--	DU
o0902102	s	TE--	TE
o0902858	n	1(N01)--	1(N01)
o0902064	s	ŠUR₂-ŠUR₂~b-	ŠUR₂~b
o0900175	s	BU-BU~a-	BU~a
o0902861	n	4(N01)--	4(N01)
o0900217	s	DA-DA~a-	DA~a
o0902575	s	ZATU694-ZATU694~c-	ZATU694~c
o0902859	n	2(N01)--	2(N01)
o0901724	s	SI--	SI
o0900089	s	AN--	AN
o0901426	s	MUŠEN--	MUŠEN
o0901376	s	MAŠ--	MAŠ
o0902859	n	2(N01)--	2(N01)
o0901184	s	LA₂--	LA₂
o0902445	s	ZATU625--	ZATU625
o0901524	s	NIN--	NIN
o0902859	n	2(N01)--	2(N01)
o0901648	s	PIRIG-PIRIG~b1-	PIRIG~b1
o0900541	s	ERIM-ERIM~a-	ERIM~a
o0902861	n	4(N01)--	4(N01)
o0901648	s	PIRIG-PIRIG~b1-	PIRIG~b1
o0901709	s	SANGA-SANGA~a-	SANGA~a
o0902858	n	1(N01)--	1(N01)
o0900089	s	AN--	AN
o0903234	n	3(N57)--	3(N57)
o0902859	n	2(N01)--	2(N01)
o0900493	s	E₂-E₂~a-	E₂~a
o0900279	s	DU--	DU
o0901614	s	NUNUZ-NUNUZ~a1-	NUNUZ~a1
o0902858	n	1(N01)--	1(N01)
o0901184	s	LA₂--	LA₂
o0901879	s	SUG₅--	SUG₅
o0902865	n	8(N01)--	8(N01)
o0900226	s	DANNA--	DANNA
o0901468	s	NAM₂--	NAM₂
o0902858	n	1(N01)--	1(N01)
o0903368	s	X--	X
o0902858	n	1(N01)--	1(N01)
o0901082	s	KAŠ-KAŠ~c-	KAŠ~c
o0902094	s	TAK₄-TAK₄~a-	TAK₄~a
o0902859	n	2(N01)--	2(N01)
o0900089	s	AN--	AN
o0902060	s	ŠUBUR--	ŠUBUR
o0901670	s	RU--	RU
o0902858	n	1(N01)--	1(N01)
o0902302	s	UR-UR~a-	UR~a
o0900890	s	GIŠ₃-GIŠ₃~b-	GIŠ₃~b
o0902860	n	3(N01)--	3(N01)
o0901724	s	SI--	SI
o0901918	s	ŠA₃-ŠA₃~a1-	ŠA₃~a1
o0902860	n	3(N01)--	3(N01)
o0900128	s	BAHAR₂-BAHAR₂~c-	BAHAR₂~c
o0901625	s	PA-PA~a-	PA~a
o0900494	s	E₂-E₂~b-	E₂~b
o0902933	n	4(N14)--	4(N14)
o0902858	n	1(N01)--	1(N01)
o0902859	n	2(N01)--	2(N01)
o0902859	n	2(N01)--	2(N01)
o0902858	n	1(N01)--	1(N01)
o0902859	n	2(N01)--	2(N01)
o0902929	n	1(N14)--	1(N14)
o0902858	n	1(N01)--	1(N01)
o0903063	n	4(N34)--	4(N34)
o0902929	n	1(N14)--	1(N14)
o0902861	n	4(N01)--	4(N01)
o0903368	s	X--	X
o0900806	s	GI--	GI
o0901090	s	KI--	KI
o0901746	s	SIG--	SIG
o0901659	s	RAD-RAD~a-	RAD~a
o0901518	s	NIM-NIM~b2-	NIM~b2
o0900000	s	A--	A
o0902869	n	1(N02)--	1(N02)
o0902033	s	ŠU--	ŠU
o0903234	n	3(N57)--	3(N57)
o0901697	s	SAL--	SAL
o0902869	n	1(N02)--	1(N02)
o0902455	s	ZATU628-ZATU628~b-	ZATU628~b
o0901090	s	KI--	KI
o0901677	s	SAG--	SAG
o0902869	n	1(N02)--	1(N02)
o0900960	s	HI--	HI
o0900493	s	E₂-E₂~a-	E₂~a
o0902102	s	TE--	TE
o0901592	s	NUN-NUN~a-	NUN~a
o0902869	n	1(N02)--	1(N02)
o0903368	s	X--	X
o0902869	n	1(N02)--	1(N02)
o0903234	n	3(N57)--	3(N57)
o0903368	s	X--	X
o0901946	s	ŠE-ŠE~a-	ŠE~a
o0902869	n	1(N02)--	1(N02)
o0901090	s	KI--	KI
o0900493	s	E₂-E₂~a-	E₂~a
o0902332	s	URI₃-URI₃~a-	URI₃~a
o0902858	n	1(N01)--	1(N01)
o0901639	s	PAP-PAP~a-	PAP~a
o0900154	s	BAR--	BAR
o0902858	n	1(N01)--	1(N01)
o0903368	s	X--	X
o0903368	s	X--	X
o0902858	n	1(N01)--	1(N01)
o0901313	s	MA--	MA
o0900836	s	GI₆--	GI₆
o0901614	s	NUNUZ-NUNUZ~a1-	NUNUZ~a1
o0902858	n	1(N01)--	1(N01)
o0903222	n	2(N57)--	2(N57)
o0902858	n	1(N01)--	1(N01)
o0900630	c	|GA₂×EN|-|GA₂~a1×EN~a|-	|GA₂~a1×EN~a|
o0902858	n	1(N01)--	1(N01)
o0900630	c	|GA₂×EN|-|GA₂~a1×EN~a|-	|GA₂~a1×EN~a|
o0902858	n	1(N01)--	1(N01)
o0903234	n	3(N57)--	3(N57)
o0903368	s	X--	X
o0902935	n	5(N14)-5(N14)~v1-	5(N14)
o0902859	n	2(N01)--	2(N01)
o0900115	s	BA--	BA
o0902929	n	1(N14)--	1(N14)
o0902861	n	4(N01)--	4(N01)
o0901000	s	IM-IM~a-	IM~a
o0902932	n	3(N14)--	3(N14)
o0902864	n	7(N01)--	7(N01)
o0903059	n	1(N34)--	1(N34)
o0902933	n	4(N14)--	4(N14)
o0902860	n	3(N01)--	3(N01)
o0903061	n	2(N34)--	2(N34)
o0902932	n	3(N14)--	3(N14)
o0902234	s	UD₅-UD₅~a-	UD₅~a
o0903059	n	1(N34)--	1(N34)
o0902929	n	1(N14)--	1(N14)
o0902400	s	UTUA-UTUA~a-	UTUA~a
o0902933	n	4(N14)--	4(N14)
o0902858	n	1(N01)--	1(N01)
o0902250	s	UDUNITA-UDUNITA~a-	UDUNITA~a
o0903061	n	2(N34)--	2(N34)
o0902935	n	5(N14)-5(N14)~v1-	5(N14)
o0902864	n	7(N01)--	7(N01)
o0901593	s	NUN-NUN~b-	NUN~b
o0903059	n	1(N34)--	1(N34)
o0902930	n	2(N14)--	2(N14)
o0902861	n	4(N01)--	4(N01)
o0901377	s	MAŠ₂--	MAŠ₂
o0902858	n	1(N01)--	1(N01)
o0902033	s	ŠU--	ŠU
o0900908	s	GU₄--	GU₄
o0902858	n	1(N01)--	1(N01)
o0901158	s	KUR-KUR~a-	KUR~a
o0901128	s	KIŠ--	KIŠ
o0903059	n	1(N34)--	1(N34)
o0902930	n	2(N14)--	2(N14)
o0902929	n	1(N14)--	1(N14)
o0902863	n	6(N01)--	6(N01)
o0901377	s	MAŠ₂--	MAŠ₂
o0902858	n	1(N01)--	1(N01)
o0901483	s	NE-NE~a-	NE~a
o0900908	s	GU₄--	GU₄
o0902858	n	1(N01)--	1(N01)
o0900836	s	GI₆--	GI₆
o0900908	s	GU₄--	GU₄
o0901746	s	SIG--	SIG
o0901524	s	NIN--	NIN
o0903210	n	1(N57)--	1(N57)
o0900115	s	BA--	BA
o0903368	s	X--	X
o0902006	s	ŠITA-ŠITA~a3-	ŠITA~a3
o0903061	n	2(N34)--	2(N34)
o0902932	n	3(N14)--	3(N14)
o0902860	n	3(N01)--	3(N01)
o0903161	n	1(N48)--	1(N48)
o0903062	n	3(N34)--	3(N34)
o0902929	n	1(N14)--	1(N14)
o0902243	s	UDU-UDU~a-	UDU~a
o0902861	n	4(N01)--	4(N01)
o0900908	s	GU₄--	GU₄
o0902858	n	1(N01)--	1(N01)
o0901158	s	KUR-KUR~a-	KUR~a
o0901128	s	KIŠ--	KIŠ
o0903064	n	5(N34)--	5(N34)
o0901614	s	NUNUZ-NUNUZ~a1-	NUNUZ~a1
o0901483	s	NE-NE~a-	NE~a
o0901709	s	SANGA-SANGA~a-	SANGA~a
o0903067	n	8(N34)--	8(N34)
o0901614	s	NUNUZ-NUNUZ~a1-	NUNUZ~a1
o0901955	c	|ŠE.NAM₂|-|ŠE~a.NAM₂|-	|ŠE~a.NAM₂|
o0903067	n	8(N34)--	8(N34)
o0900599	s	GA-GA~a-	GA~a
o0900729	s	GAL-GAL~a-	GAL~a
o0903062	n	3(N34)--	3(N34)
o0901468	s	NAM₂--	NAM₂
o0901625	s	PA-PA~a-	PA~a
o0901659	s	RAD-RAD~a-	RAD~a
o0903368	s	X--	X
o0903061	n	2(N34)--	2(N34)
o0900260	s	DI--	DI
o0901659	s	RAD-RAD~a-	RAD~a
o0903059	n	1(N34)--	1(N34)
o0900860	s	GIR₃-GIR₃~c-	GIR₃~c
o0902933	n	4(N14)--	4(N14)
o0901614	s	NUNUZ-NUNUZ~a1-	NUNUZ~a1
o0903234	n	3(N57)--	3(N57)
o0900532	c	|EN₂.E₂|-|EN₂.E₂~b|-	|EN₂.E₂~b|
o0902858	n	1(N01)--	1(N01)
o0900546	s	EŠDA--	EŠDA
o0903162	n	2(N48)--	2(N48)
o0903061	n	2(N34)--	2(N34)
o0902933	n	4(N14)--	4(N14)
o0901614	s	NUNUZ-NUNUZ~a1-	NUNUZ~a1
o0901483	s	NE-NE~a-	NE~a
o0901709	s	SANGA-SANGA~a-	SANGA~a
o0902102	s	TE--	TE
o0901659	s	RAD-RAD~a-	RAD~a
o0902858	n	1(N01)--	1(N01)
o0901648	s	PIRIG-PIRIG~b1-	PIRIG~b1
o0902243	s	UDU-UDU~a-	UDU~a
o0900494	s	E₂-E₂~b-	E₂~b
o0901639	s	PAP-PAP~a-	PAP~a
o0901870	s	SU-SU~a-	SU~a
o0902858	n	1(N01)--	1(N01)
o0901468	s	NAM₂--	NAM₂
o0901659	s	RAD-RAD~a-	RAD~a
o0901625	s	PA-PA~a-	PA~a
o0900552	s	EZEN-EZEN~b-	EZEN~b
o0900513	s	EN-EN~a-	EN~a
o0902858	n	1(N01)--	1(N01)
o0901468	s	NAM₂--	NAM₂
o0901659	s	RAD-RAD~a-	RAD~a
o0901625	s	PA-PA~a-	PA~a
o0900279	s	DU--	DU
o0903368	s	X--	X
o0901115	s	KISAL-KISAL~b1-	KISAL~b1
o0902859	n	2(N01)--	2(N01)
o0901659	s	RAD-RAD~a-	RAD~a
o0901724	s	SI--	SI
o0900175	s	BU-BU~a-	BU~a
o0902102	s	TE--	TE
o0900890	s	GIŠ₃-GIŠ₃~b-	GIŠ₃~b
o0901052	s	KAK-KAK~a-	KAK~a
o0901076	s	KASKAL@g--	KASKAL@g
o0900779	s	GAR--	GAR
o0902858	n	1(N01)--	1(N01)
o0902909	n	1(N08)--	1(N08)
o0903368	s	X--	X
o0902858	n	1(N01)--	1(N01)
o0901625	s	PA-PA~a-	PA~a
o0902227	s	UB--	UB
o0902094	s	TAK₄-TAK₄~a-	TAK₄~a
o0902858	n	1(N01)--	1(N01)
o0901639	s	PAP-PAP~a-	PAP~a
o0901870	s	SU-SU~a-	SU~a
o0902858	n	1(N01)--	1(N01)
o0901639	s	PAP-PAP~a-	PAP~a
o0901870	s	SU-SU~a-	SU~a
o0902858	n	1(N01)--	1(N01)
o0900541	s	ERIM-ERIM~a-	ERIM~a
o0902860	n	3(N01)--	3(N01)
o0901639	s	PAP-PAP~a-	PAP~a
o0901870	s	SU-SU~a-	SU~a
o0902861	n	4(N01)--	4(N01)
o0902060	s	ŠUBUR--	ŠUBUR
o0901639	s	PAP-PAP~a-	PAP~a
o0901870	s	SU-SU~a-	SU~a
o0902861	n	4(N01)--	4(N01)
o0901483	s	NE-NE~a-	NE~a
o0901090	s	KI--	KI
o0902864	n	7(N01)--	7(N01)
o0900175	s	BU-BU~a-	BU~a
o0901090	s	KI--	KI
o0902863	n	6(N01)--	6(N01)
o0902139	s	TUR--	TUR
o0901501	s	NI-NI~a-	NI~a
o0901946	s	ŠE-ŠE~a-	ŠE~a
o0902858	n	1(N01)--	1(N01)
o0903368	s	X--	X
o0902858	n	1(N01)--	1(N01)
o0900729	s	GAL-GAL~a-	GAL~a
o0901115	s	KISAL-KISAL~b1-	KISAL~b1
o0902858	n	1(N01)--	1(N01)
o0900729	s	GAL-GAL~a-	GAL~a
o0901516	s	NIM-NIM~a-	NIM~a
o0902858	n	1(N01)--	1(N01)
o0900729	s	GAL-GAL~a-	GAL~a
o0901860	s	SILA₄-SILA₄~a-	SILA₄~a
o0902858	n	1(N01)--	1(N01)
o0900729	s	GAL-GAL~a-	GAL~a
o0901926	s	ŠAB-ŠAB~a-	ŠAB~a
o0902858	n	1(N01)--	1(N01)
o0900729	s	GAL-GAL~a-	GAL~a
o0902146	s	TUR₃-TUR₃~a-	TUR₃~a
o0902858	n	1(N01)--	1(N01)
o0903210	n	1(N57)--	1(N57)
o0902290	s	UMUN₂--	UMUN₂
o0902858	n	1(N01)--	1(N01)
o0900729	s	GAL-GAL~a-	GAL~a
o0902290	s	UMUN₂--	UMUN₂
o0902858	n	1(N01)--	1(N01)
o0900545	s	ERIN--	ERIN
o0902290	s	UMUN₂--	UMUN₂
o0902858	n	1(N01)--	1(N01)
o0901709	s	SANGA-SANGA~a-	SANGA~a
o0902290	s	UMUN₂--	UMUN₂
o0902858	n	1(N01)--	1(N01)
o0903368	s	X--	X
o0902858	n	1(N01)--	1(N01)
o0900729	s	GAL-GAL~a-	GAL~a
o0901910	s	ŠA--	ŠA
o0902858	n	1(N01)--	1(N01)
o0900729	s	GAL-GAL~a-	GAL~a
o0902858	n	1(N01)--	1(N01)
o0900729	s	GAL-GAL~a-	GAL~a
o0900893	s	GIŠGAL--	GIŠGAL
o0902858	n	1(N01)--	1(N01)
o0900729	s	GAL-GAL~a-	GAL~a
o0902858	n	1(N01)--	1(N01)
o0902683	c	|ZATU737~v2×X|--	|ZATU737×X|
o0901115	s	KISAL-KISAL~b1-	KISAL~b1
o0900617	s	GA₂-GA₂~a2-	GA₂~a2
o0901962	s	ŠE₃--	ŠE₃
o0902157	s	U₂-U₂~b-	U₂~b
o0902858	n	1(N01)--	1(N01)
o0900089	s	AN--	AN
o0900541	s	ERIM-ERIM~a-	ERIM~a
o0901648	s	PIRIG-PIRIG~b1-	PIRIG~b1
o0902858	n	1(N01)--	1(N01)
o0901145	s	KU₆-KU₆~a-	KU₆~a
o0900541	s	ERIM-ERIM~a-	ERIM~a
o0901376	s	MAŠ--	MAŠ
o0900541	s	ERIM-ERIM~a-	ERIM~a
o0901648	s	PIRIG-PIRIG~b1-	PIRIG~b1
o0901376	s	MAŠ--	MAŠ
o0901090	s	KI--	KI
o0902866	n	9(N01)--	9(N01)
o0901670	s	RU--	RU
o0902860	n	3(N01)--	3(N01)
o0901361	s	MAR-MAR~a-	MAR~a
o0900217	s	DA-DA~a-	DA~a
o0900089	s	AN--	AN
o0902860	n	3(N01)--	3(N01)
o0903368	s	X--	X
o0903368	s	X--	X
o0902859	n	2(N01)--	2(N01)
o0903368	s	X--	X
o0902858	n	1(N01)--	1(N01)
o0903210	n	1(N57)--	1(N57)
o0900115	s	BA--	BA
o0903368	s	X--	X
o0903368	s	X--	X
o0903368	s	X--	X
o0901674	s	SA-SA~a-	SA~a
o0903368	s	X--	X
o0902860	n	3(N01)--	3(N01)
o0901437	s	NA-NA~a-	NA~a
o0901670	s	RU--	RU
o0901481	s	NAR--	NAR
o0902858	n	1(N01)--	1(N01)
o0902790	s	ZATU823--	ZATU823
o0902858	n	1(N01)--	1(N01)
o0901501	s	NI-NI~a-	NI~a
o0901145	s	KU₆-KU₆~a-	KU₆~a
o0901438	s	NA-NA~b-	NA~b
o0902858	n	1(N01)--	1(N01)
o0901361	s	MAR-MAR~a-	MAR~a
o0903368	s	X--	X
o0902250	s	UDUNITA-UDUNITA~a-	UDUNITA~a
o0901593	s	NUN-NUN~b-	NUN~b
o0902858	n	1(N01)--	1(N01)
o0901377	s	MAŠ₂--	MAŠ₂
o0902234	s	UD₅-UD₅~a-	UD₅~a
o0902250	s	UDUNITA-UDUNITA~a-	UDUNITA~a
o0902858	n	1(N01)--	1(N01)
o0903368	s	X--	X
o0902339	s	URU-URU~a1-	URU~a1
o0901304	s	LU₂--	LU₂
o0902858	n	1(N01)--	1(N01)
o0902400	s	UTUA-UTUA~a-	UTUA~a
o0902860	n	3(N01)--	3(N01)
o0902250	s	UDUNITA-UDUNITA~a-	UDUNITA~a
o0902859	n	2(N01)--	2(N01)
o0901593	s	NUN-NUN~b-	NUN~b
o0902858	n	1(N01)--	1(N01)
o0903059	n	1(N34)--	1(N34)
o0902860	n	3(N01)--	3(N01)
o0903368	s	X--	X
o0902858	n	1(N01)--	1(N01)
o0901870	s	SU-SU~a-	SU~a
o0901648	s	PIRIG-PIRIG~b1-	PIRIG~b1
o0900513	s	EN-EN~a-	EN~a
o0902157	s	U₂-U₂~b-	U₂~b
o0901614	s	NUNUZ-NUNUZ~a1-	NUNUZ~a1
o0901501	s	NI-NI~a-	NI~a
o0902858	n	1(N01)--	1(N01)
o0903368	s	X--	X
o0900217	s	DA-DA~a-	DA~a
o0903368	s	X--	X
o0902858	n	1(N01)--	1(N01)
o0903368	s	X--	X
o0902858	n	1(N01)--	1(N01)
o0903368	s	X--	X
o0902858	n	1(N01)--	1(N01)
o0903210	n	1(N57)--	1(N57)
o0901407	s	MUN-MUN~a1-	MUN~a1
o0902859	n	2(N01)--	2(N01)
o0901990	s	ŠIDIM--	ŠIDIM
o0902858	n	1(N01)--	1(N01)
o0901887	s	SUKKAL--	SUKKAL
o0902858	n	1(N01)--	1(N01)
o0903368	s	X--	X
o0902862	n	5(N01)--	5(N01)
o0902932	n	3(N14)--	3(N14)
o0903368	s	X--	X
o0902858	n	1(N01)--	1(N01)
o0901887	s	SUKKAL--	SUKKAL
o0902858	n	1(N01)--	1(N01)
o0900729	s	GAL-GAL~a-	GAL~a
o0900599	s	GA-GA~a-	GA~a
o0902858	n	1(N01)--	1(N01)
o0902858	n	1(N01)--	1(N01)
o0900729	s	GAL-GAL~a-	GAL~a
o0901493	s	NESAG₂-NESAG₂~a-	NESAG₂~a
o0902858	n	1(N01)--	1(N01)
o0900729	s	GAL-GAL~a-	GAL~a
o0902146	s	TUR₃-TUR₃~a-	TUR₃~a
o0902858	n	1(N01)--	1(N01)
o0900729	s	GAL-GAL~a-	GAL~a
o0902290	s	UMUN₂--	UMUN₂
o0902858	n	1(N01)--	1(N01)
o0900729	s	GAL-GAL~a-	GAL~a
o0902858	n	1(N01)--	1(N01)
o0901000	s	IM-IM~a-	IM~a
o0902139	s	TUR--	TUR
o0902858	n	1(N01)--	1(N01)
o0901468	s	NAM₂--	NAM₂
o0900100	s	APIN-APIN~a-	APIN~a
o0902858	n	1(N01)--	1(N01)
o0902858	n	1(N01)--	1(N01)
o0902858	n	1(N01)--	1(N01)
o0901468	s	NAM₂--	NAM₂
o0901044	s	KAB--	KAB
o0902858	n	1(N01)--	1(N01)
o0901468	s	NAM₂--	NAM₂
o0900260	s	DI--	DI
o0903368	s	X--	X
o0902858	n	1(N01)--	1(N01)
o0901501	s	NI-NI~a-	NI~a
o0901709	s	SANGA-SANGA~a-	SANGA~a
o0900779	s	GAR--	GAR
o0900077	s	AMA-AMA~a-	AMA~a
o0902858	n	1(N01)--	1(N01)
o0903368	s	X--	X
o0902858	n	1(N01)--	1(N01)
o0903368	s	X--	X
o0902858	n	1(N01)--	1(N01)
o0901887	s	SUKKAL--	SUKKAL
o0902858	n	1(N01)--	1(N01)
o0900778	s	GAN₂--	GAN₂
o0903368	s	X--	X
o0902858	n	1(N01)--	1(N01)
o0901887	s	SUKKAL--	SUKKAL
o0902858	n	1(N01)--	1(N01)
o0902858	n	1(N01)--	1(N01)
o0902329	s	URI--	URI
o0902858	n	1(N01)--	1(N01)
o0901396	s	MUD₃-MUD₃~a-	MUD₃~a
o0902858	n	1(N01)--	1(N01)
o0901400	s	MUD₃@g--	MUD₃@g
o0902858	n	1(N01)--	1(N01)
o0901391	s	MIR-MIR~b-	MIR~b
o0902858	n	1(N01)--	1(N01)
o0902858	n	1(N01)--	1(N01)
o0903059	n	1(N34)--	1(N34)
o0902930	n	2(N14)--	2(N14)
o0902930	n	2(N14)--	2(N14)
o0900778	s	GAN₂--	GAN₂
o0900089	s	AN--	AN
o0902309	s	UR₂--	UR₂
o0901918	s	ŠA₃-ŠA₃~a1-	ŠA₃~a1
o0901094	s	KIB--	KIB
o0903174	n	1(N50)--	1(N50)
o0901898	s	SUKUD@g-SUKUD@g~c-	SUKUD@g~c
o0900778	s	GAN₂--	GAN₂
o0902858	n	1(N01)--	1(N01)
o0903368	s	X--	X
o0902858	n	1(N01)--	1(N01)
o0902596	s	ZATU703--	ZATU703
o0903368	s	X--	X
o0903368	s	X--	X
o0903368	s	X--	X
o0901184	s	LA₂--	LA₂
o0900279	s	DU--	DU
o0903368	s	X--	X
o0902930	n	2(N14)--	2(N14)
o0902863	n	6(N01)--	6(N01)
o0900115	s	BA--	BA
o0901090	s	KI--	KI
o0902858	n	1(N01)--	1(N01)
o0901481	s	NAR--	NAR
o0900000	s	A--	A
o0903368	s	X--	X
o0902858	n	1(N01)--	1(N01)
o0901709	s	SANGA-SANGA~a-	SANGA~a
o0903368	s	X--	X
o0903368	s	X--	X
o0902858	n	1(N01)--	1(N01)
o0900883	c	|GIŠ×ŠU₂|-|GIŠ×ŠU₂~a|-	|GIŠ×ŠU₂~a|
o0902033	s	ŠU--	ŠU
o0900012	s	AB-AB~a-	AB~a
o0901639	s	PAP-PAP~a-	PAP~a
o0903368	s	X--	X
o0902858	n	1(N01)--	1(N01)
o0901887	s	SUKKAL--	SUKKAL
o0901457	s	NAGAR-NAGAR~a-	NAGAR~a
o0900175	s	BU-BU~a-	BU~a
o0901639	s	PAP-PAP~a-	PAP~a
o0902858	n	1(N01)--	1(N01)
o0902033	s	ŠU--	ŠU
o0902033	s	ŠU--	ŠU
o0902858	n	1(N01)--	1(N01)
o0902560	s	ZATU687--	ZATU687
o0902033	s	ŠU--	ŠU
o0901380	s	ME-ME~a-	ME~a
o0900494	s	E₂-E₂~b-	E₂~b
o0902878	n	9(N02)--	9(N02)
o0902869	n	1(N02)--	1(N02)
o0903368	s	X--	X
o0901677	s	SAG--	SAG
o0900089	s	AN--	AN
o0901618	s	NUNUZ-NUNUZ~c-	NUNUZ~c
o0902869	n	1(N02)--	1(N02)
o0902930	n	2(N14)--	2(N14)
o0902858	n	1(N01)--	1(N01)
o0900312	s	DUB-DUB~a-	DUB~a
o0900729	s	GAL-GAL~a-	GAL~a
o0900599	s	GA-GA~a-	GA~a
o0902858	n	1(N01)--	1(N01)
o0903368	s	X--	X
o0900053	s	AD-AD~a-	AD~a
o0902862	n	5(N01)--	5(N01)
o0901415	s	MUNU₃--	MUNU₃
o0902862	n	5(N01)--	5(N01)
o0900788	s	GAZI--	GAZI
o0902858	n	1(N01)--	1(N01)
o0902929	n	1(N14)--	1(N14)
o0901881	s	SUHUR--	SUHUR
o0902929	n	1(N14)--	1(N14)
o0901074	s	KAR₂-KAR₂~b-	KAR₂~b
o0902858	n	1(N01)--	1(N01)
o0902858	n	1(N01)--	1(N01)
o0902858	n	1(N01)--	1(N01)
o0903368	s	X--	X
o0902858	n	1(N01)--	1(N01)
o0903368	s	X--	X
o0903368	s	X--	X
o0901468	s	NAM₂--	NAM₂
o0901448	s	NAB--	NAB
o0900260	s	DI--	DI
o0903368	s	X--	X
o0900513	s	EN-EN~a-	EN~a
o0901618	s	NUNUZ-NUNUZ~c-	NUNUZ~c
o0902869	n	1(N02)--	1(N02)
o0901659	s	RAD-RAD~a-	RAD~a
o0900089	s	AN--	AN
o0903234	n	3(N57)--	3(N57)
o0901648	s	PIRIG-PIRIG~b1-	PIRIG~b1
o0902869	n	1(N02)--	1(N02)
o0903368	s	X--	X
o0900279	s	DU--	DU
o0900115	s	BA--	BA
o0901090	s	KI--	KI
o0902858	n	1(N01)--	1(N01)
o0902859	n	2(N01)--	2(N01)
o0902859	n	2(N01)--	2(N01)
o0903368	s	X--	X
o0902860	n	3(N01)--	3(N01)
o0900494	s	E₂-E₂~b-	E₂~b
o0901090	s	KI--	KI
o0902861	n	4(N01)--	4(N01)
o0901234	c	|LAGAB×SI|-|LAGAB~a×SI~v1|-	|LAGAB~a×SI|
o0901270	s	LAL₂-LAL₂~a-	LAL₂~a
o0903368	s	X--	X
o0902859	n	2(N01)--	2(N01)
o0900806	s	GI--	GI
o0900199	c	|BU+DU₆|-|BU~a+DU₆~a|-	|BU~a+DU₆~a|
o0901639	s	PAP-PAP~a-	PAP~a
o0900199	c	|BU+DU₆|-|BU~a+DU₆~a|-	|BU~a+DU₆~a|
o0900594	s	EZINU-EZINU~a-	EZINU~a
o0902861	n	4(N01)--	4(N01)
o0902139	s	TUR--	TUR
o0903234	n	3(N57)--	3(N57)
o0901614	s	NUNUZ-NUNUZ~a1-	NUNUZ~a1
o0903234	n	3(N57)--	3(N57)
o0900175	s	BU-BU~a-	BU~a
o0901946	s	ŠE-ŠE~a-	ŠE~a
o0901501	s	NI-NI~a-	NI~a
o0901675	s	SA-SA~c-	SA~c
o0900829	s	GI₄-GI₄~a-	GI₄~a
o0901918	s	ŠA₃-ŠA₃~a1-	ŠA₃~a1
o0902929	n	1(N14)--	1(N14)
o0902858	n	1(N01)--	1(N01)
o0903222	n	2(N57)--	2(N57)
o0902859	n	2(N01)--	2(N01)
o0900806	s	GI--	GI
o0902872	n	3(N02)--	3(N02)
o0902929	n	1(N14)--	1(N14)
o0902858	n	1(N01)--	1(N01)
o0902861	n	4(N01)--	4(N01)
o0901625	s	PA-PA~a-	PA~a
o0901870	s	SU-SU~a-	SU~a
o0901625	s	PA-PA~a-	PA~a
o0901709	s	SANGA-SANGA~a-	SANGA~a
o0901625	s	PA-PA~a-	PA~a
o0903368	s	X--	X
o0901325	s	MAH-MAH~a-	MAH~a
o0900513	s	EN-EN~a-	EN~a
o0902442	s	ZATU624-ZATU624~a-	ZATU624~a
o0901584	s	NU--	NU
o0902858	n	1(N01)--	1(N01)
o0900890	s	GIŠ₃-GIŠ₃~b-	GIŠ₃~b
o0903368	s	X--	X
o0900089	s	AN--	AN
o0901075	s	KASKAL--	KASKAL
o0900845	s	GIR-GIR~a-	GIR~a
o0900000	s	A--	A
o0901757	s	SIG₂-SIG₂~b-	SIG₂~b
o0902039	s	ŠU₂-ŠU₂~a-	ŠU₂
o0902220	s	U₈--	U₈
o0902234	s	UD₅-UD₅~a-	UD₅~a
o0902858	n	1(N01)--	1(N01)
o0903368	s	X--	X
o0902859	n	2(N01)--	2(N01)
o0902806	s	ZATU839--	ZATU839
o0903368	s	X--	X
o0902859	n	2(N01)--	2(N01)
o0902250	s	UDUNITA-UDUNITA~a-	UDUNITA~a
o0902861	n	4(N01)--	4(N01)
o0901593	s	NUN-NUN~b-	NUN~b
o0902858	n	1(N01)--	1(N01)
o0902858	n	1(N01)--	1(N01)
o0901501	s	NI-NI~a-	NI~a
o0901326	s	MAH-MAH~b-	MAH~b
o0902806	s	ZATU839--	ZATU839
o0902858	n	1(N01)--	1(N01)
o0903368	s	X--	X
o0900089	s	AN--	AN
o0901501	s	NI-NI~a-	NI~a
o0901414	s	MUNŠUB-MUNŠUB~b-	MUNŠUB~b
o0903368	s	X--	X
o0902116	s	TUG₂-TUG₂~a-	TUG₂~a
o0903368	s	X--	X
o0900541	s	ERIM-ERIM~a-	ERIM~a
o0902858	n	1(N01)--	1(N01)
o0903368	s	X--	X
o0902859	n	2(N01)--	2(N01)
o0900139	s	BAN-BAN~b-	BAN~b
o0902929	n	1(N14)--	1(N14)
o0902861	n	4(N01)--	4(N01)
o0902929	n	1(N14)--	1(N14)
o0902861	n	4(N01)--	4(N01)
o0902250	s	UDUNITA-UDUNITA~a-	UDUNITA~a
o0901593	s	NUN-NUN~b-	NUN~b
o0903061	n	2(N34)--	2(N34)
o0902935	n	5(N14)-5(N14)~v1-	5(N14)
o0902862	n	5(N01)--	5(N01)
o0903368	s	X--	X
o0902858	n	1(N01)--	1(N01)
o0903368	s	X--	X
o0900100	s	APIN-APIN~a-	APIN~a
o0902859	n	2(N01)--	2(N01)
o0900100	s	APIN-APIN~a-	APIN~a
o0903368	s	X--	X
o0902858	n	1(N01)--	1(N01)
o0900089	s	AN--	AN
o0901426	s	MUŠEN--	MUŠEN
o0900000	s	A--	A
o0902858	n	1(N01)--	1(N01)
o0902243	s	UDU-UDU~a-	UDU~a
o0903368	s	X--	X
o0903368	s	X--	X
o0902858	n	1(N01)--	1(N01)
o0901501	s	NI-NI~a-	NI~a
o0903368	s	X--	X
o0901675	s	SA-SA~c-	SA~c
o0902859	n	2(N01)--	2(N01)
o0902858	n	1(N01)--	1(N01)
o0900960	s	HI--	HI
o0900100	s	APIN-APIN~a-	APIN~a
o0900115	s	BA--	BA
o0902859	n	2(N01)--	2(N01)
o0900494	s	E₂-E₂~b-	E₂~b
o0903368	s	X--	X
o0902858	n	1(N01)--	1(N01)
o0902234	s	UD₅-UD₅~a-	UD₅~a
o0902861	n	4(N01)--	4(N01)
o0902860	n	3(N01)--	3(N01)
o0902859	n	2(N01)--	2(N01)
o0902862	n	5(N01)--	5(N01)
o0903368	s	X--	X
o0902860	n	3(N01)--	3(N01)
o0903368	s	X--	X
o0900541	s	ERIM-ERIM~a-	ERIM~a
o0902858	n	1(N01)--	1(N01)
o0903368	s	X--	X
o0901746	s	SIG--	SIG
o0903368	s	X--	X
o0902929	n	1(N14)--	1(N14)
o0902863	n	6(N01)--	6(N01)
o0901377	s	MAŠ₂--	MAŠ₂
o0901697	s	SAL--	SAL
o0900488	s	E-E~b-	E~b
o0901639	s	PAP-PAP~a-	PAP~a
o0902004	s	ŠITA-ŠITA~a1-	ŠITA~a1
o0901724	s	SI--	SI
o0903368	s	X--	X
o0901696	s	SAGŠU--	SAGŠU
o0900064	s	AL--	AL
o0902858	n	1(N01)--	1(N01)
o0902033	s	ŠU--	ŠU
o0903368	s	X--	X
o0902858	n	1(N01)--	1(N01)
o0901030	s	KA-KA~a-	KA~a
o0901082	s	KAŠ-KAŠ~c-	KAŠ~c
o0901313	s	MA--	MA
o0902859	n	2(N01)--	2(N01)
o0901082	s	KAŠ-KAŠ~c-	KAŠ~c
o0901313	s	MA--	MA
o0902859	n	2(N01)--	2(N01)
o0900089	s	AN--	AN
o0903368	s	X--	X
o0902929	n	1(N14)--	1(N14)
o0902858	n	1(N01)--	1(N01)
o0903368	s	X--	X
o0900064	s	AL--	AL
o0902858	n	1(N01)--	1(N01)
o0900513	s	EN-EN~a-	EN~a
o0903368	s	X--	X
o0902858	n	1(N01)--	1(N01)
o0903368	s	X--	X
o0902858	n	1(N01)--	1(N01)
o0900014	s	AB-AB~b-	AB~b
o0901615	s	NUNUZ-NUNUZ~a2-	NUNUZ~a2
o0902871	n	2(N02)--	2(N02)
o0903368	s	X--	X
o0902869	n	1(N02)--	1(N02)
o0903368	s	X--	X
o0903368	s	X--	X
o0902858	n	1(N01)--	1(N01)
o0900154	s	BAR--	BAR
o0903368	s	X--	X
o0901659	s	RAD-RAD~a-	RAD~a
o0902929	n	1(N14)--	1(N14)
o0902863	n	6(N01)--	6(N01)
o0901407	s	MUN-MUN~a1-	MUN~a1
o0902161	s	U₄--	U₄
o0900089	s	AN--	AN
o0903368	s	X--	X
o0903222	n	2(N57)--	2(N57)
o0901407	s	MUN-MUN~a1-	MUN~a1
o0902859	n	2(N01)--	2(N01)
o0903368	s	X--	X
o0901697	s	SAL--	SAL
o0902858	n	1(N01)--	1(N01)
o0902455	s	ZATU628-ZATU628~b-	ZATU628~b
o0902858	n	1(N01)--	1(N01)
o0902858	n	1(N01)--	1(N01)
o0900100	s	APIN-APIN~a-	APIN~a
o0900871	s	GIR₃@g-GIR₃@g~c-	GIR₃~c@g
o0902806	s	ZATU839--	ZATU839
o0903368	s	X--	X
o0902858	n	1(N01)--	1(N01)
o0903368	s	X--	X
o0902865	n	8(N01)--	8(N01)
o0903368	s	X--	X
o0902858	n	1(N01)--	1(N01)
o0902858	n	1(N01)--	1(N01)
o0901137	s	KU-KU~b1-	KU~b1
o0901501	s	NI-NI~a-	NI~a
o0902858	n	1(N01)--	1(N01)
o0902859	n	2(N01)--	2(N01)
o0903368	s	X--	X
o0902858	n	1(N01)--	1(N01)
o0903368	s	X--	X
o0902858	n	1(N01)--	1(N01)
o0902884	n	1(N04)--	1(N04)
o0901870	s	SU-SU~a-	SU~a
o0903368	s	X--	X
o0903368	s	X--	X
o0901870	s	SU-SU~a-	SU~a
o0900124	s	BAHAR₂-BAHAR₂~a-	BAHAR₂~a
o0900513	s	EN-EN~a-	EN~a
o0900089	s	AN--	AN
o0900513	s	EN-EN~a-	EN~a
o0900089	s	AN--	AN
o0900512	s	EN--	EN
o0903210	n	1(N57)--	1(N57)
o0900175	s	BU-BU~a-	BU~a
o0901709	s	SANGA-SANGA~a-	SANGA~a
o0900014	s	AB-AB~b-	AB~b
o0902858	n	1(N01)--	1(N01)
o0902858	n	1(N01)--	1(N01)
o0902858	n	1(N01)--	1(N01)
o0902929	n	1(N14)--	1(N14)
o0902860	n	3(N01)--	3(N01)
o0901639	s	PAP-PAP~a-	PAP~a
o0903368	s	X--	X
o0903368	s	X--	X
o0901407	s	MUN-MUN~a1-	MUN~a1
o0903368	s	X--	X
o0902858	n	1(N01)--	1(N01)
o0903368	s	X--	X
o0902862	n	5(N01)--	5(N01)
o0900513	s	EN-EN~a-	EN~a
o0901625	s	PA-PA~a-	PA~a
o0900260	s	DI--	DI
o0902861	n	4(N01)--	4(N01)
o0903368	s	X--	X
o0903368	s	X--	X
o0902453	s	ZATU628-ZATU628~a-	ZATU628~a
o0900012	s	AB-AB~a-	AB~a
o0902102	s	TE--	TE
o0902128	s	TUM-TUM~a-	TUM~a
o0900493	s	E₂-E₂~a-	E₂~a
o0903368	s	X--	X
o0902859	n	2(N01)--	2(N01)
o0903174	n	1(N50)--	1(N50)
o0902858	n	1(N01)--	1(N01)
o0900836	s	GI₆--	GI₆
o0900908	s	GU₄--	GU₄
o0901080	s	KAŠ-KAŠ~b-	KAŠ~b
o0901918	s	ŠA₃-ŠA₃~a1-	ŠA₃~a1
o0900282	s	DU@g--	DU@g
o0901501	s	NI-NI~a-	NI~a
o0903368	s	X--	X
o0902858	n	1(N01)--	1(N01)
o0901696	s	SAGŠU--	SAGŠU
o0900089	s	AN--	AN
o0902234	s	UD₅-UD₅~a-	UD₅~a
o0903368	s	X--	X
o0901380	s	ME-ME~a-	ME~a
o0902004	s	ŠITA-ŠITA~a1-	ŠITA~a1
o0900976	s	HI@g-HI@g~a-	HI@g~a
o0902858	n	1(N01)--	1(N01)
o0901191	c	|LAGAB×BA|-|LAGAB~a×BA|-	|LAGAB~a×BA|
o0900742	s	GAN-GAN~c-	GAN~c
o0900742	s	GAN-GAN~c-	GAN~c
o0900742	s	GAN-GAN~c-	GAN~c
o0902858	n	1(N01)--	1(N01)
o0903368	s	X--	X
o0902858	n	1(N01)--	1(N01)
o0900461	c	|DUG×X|-|DUG~b×X|-	|DUG~b×X|
o0902858	n	1(N01)--	1(N01)
o0903368	s	X--	X
o0902858	n	1(N01)--	1(N01)
o0903368	s	X--	X
o0902860	n	3(N01)--	3(N01)
o0902930	n	2(N14)--	2(N14)
o0902864	n	7(N01)--	7(N01)
o0903368	s	X--	X
o0902930	n	2(N14)--	2(N14)
o0902864	n	7(N01)--	7(N01)
o0903368	s	X--	X
o0902861	n	4(N01)--	4(N01)
o0903368	s	X--	X
o0902859	n	2(N01)--	2(N01)
o0900089	s	AN--	AN
o0901158	s	KUR-KUR~a-	KUR~a
o0902935	n	5(N14)-5(N14)~v1-	5(N14)
o0902859	n	2(N01)--	2(N01)
o0901697	s	SAL--	SAL
o0901128	s	KIŠ--	KIŠ
o0902863	n	6(N01)--	6(N01)
o0901697	s	SAL--	SAL
o0901128	s	KIŠ--	KIŠ
o0902929	n	1(N14)--	1(N14)
o0902858	n	1(N01)--	1(N01)
o0902139	s	TUR--	TUR
o0901128	s	KIŠ--	KIŠ
o0902863	n	6(N01)--	6(N01)
o0901158	s	KUR-KUR~a-	KUR~a
o0901128	s	KIŠ--	KIŠ
o0902929	n	1(N14)--	1(N14)
o0902862	n	5(N01)--	5(N01)
o0901158	s	KUR-KUR~a-	KUR~a
o0901128	s	KIŠ--	KIŠ
o0903134	n	1(N45)--	1(N45)
o0903064	n	5(N34)--	5(N34)
o0901962	s	ŠE₃--	ŠE₃
o0903134	n	1(N45)--	1(N45)
o0903163	n	3(N48)--	3(N48)
o0903062	n	3(N34)--	3(N34)
o0902935	n	5(N14)-5(N14)~v1-	5(N14)
o0902803	s	ZATU837-ZATU837~a-	ZATU837~a
o0903161	n	1(N48)--	1(N48)
o0903067	n	8(N34)--	8(N34)
o0902932	n	3(N14)--	3(N14)
o0902863	n	6(N01)--	6(N01)
o0902804	s	ZATU837-ZATU837~b-	ZATU837~b
o0903161	n	1(N48)--	1(N48)
o0903067	n	8(N34)--	8(N34)
o0902929	n	1(N14)--	1(N14)
o0902859	n	2(N01)--	2(N01)
o0901962	s	ŠE₃--	ŠE₃
o0903138	n	3(N45)--	3(N45)
o0903161	n	1(N48)--	1(N48)
o0903064	n	5(N34)--	5(N34)
o0902933	n	4(N14)--	4(N14)
o0903059	n	1(N34)--	1(N34)
o0902935	n	5(N14)-5(N14)~v1-	5(N14)
o0902863	n	6(N01)--	6(N01)
o0900115	s	BA--	BA
o0902864	n	7(N01)--	7(N01)
o0901128	s	KIŠ--	KIŠ
o0902930	n	2(N14)--	2(N14)
o0902859	n	2(N01)--	2(N01)
o0902808	s	ZATU840--	ZATU840
o0903061	n	2(N34)--	2(N34)
o0902860	n	3(N01)--	3(N01)
o0901128	s	KIŠ--	KIŠ
o0900115	s	BA--	BA
o0900541	s	ERIM-ERIM~a-	ERIM~a
o0902094	s	TAK₄-TAK₄~a-	TAK₄~a
o0900000	s	A--	A
o0902861	n	4(N01)--	4(N01)
o0902220	s	U₈--	U₈
o0902859	n	2(N01)--	2(N01)
o0902234	s	UD₅-UD₅~a-	UD₅~a
o0901063	s	KALAM-KALAM~b-	KALAM~b
o0901639	s	PAP-PAP~a-	PAP~a
o0902699	s	ZATU752--	ZATU752
o0900541	s	ERIM-ERIM~a-	ERIM~a
o0900279	s	DU--	DU
o0900217	s	DA-DA~a-	DA~a
o0902161	s	U₄--	U₄
o0900599	s	GA-GA~a-	GA~a
o0901709	s	SANGA-SANGA~a-	SANGA~a
o0900513	s	EN-EN~a-	EN~a
o0900778	s	GAN₂--	GAN₂
o0900115	s	BA--	BA
o0902863	n	6(N01)--	6(N01)
o0900115	s	BA--	BA
o0900956	s	HAL--	HAL
o0901380	s	ME-ME~a-	ME~a
o0901670	s	RU--	RU
o0902033	s	ŠU--	ŠU
o0901380	s	ME-ME~a-	ME~a
o0901677	s	SAG--	SAG
o0900883	c	|GIŠ×ŠU₂|-|GIŠ×ŠU₂~a|-	|GIŠ×ŠU₂~a|
o0902033	s	ŠU--	ŠU
o0903234	n	3(N57)--	3(N57)
o0900532	c	|EN₂.E₂|-|EN₂.E₂~b|-	|EN₂.E₂~b|
o0901697	s	SAL--	SAL
o0900175	s	BU-BU~a-	BU~a
o0902858	n	1(N01)--	1(N01)
o0901639	s	PAP-PAP~a-	PAP~a
o0902094	s	TAK₄-TAK₄~a-	TAK₄~a
o0901082	s	KAŠ-KAŠ~c-	KAŠ~c
o0902858	n	1(N01)--	1(N01)
o0900806	s	GI--	GI
o0902060	s	ŠUBUR--	ŠUBUR
o0903368	s	X--	X
o0902858	n	1(N01)--	1(N01)
o0902103	s	TI--	TI
o0901639	s	PAP-PAP~a-	PAP~a
o0901414	s	MUNŠUB-MUNŠUB~b-	MUNŠUB~b
o0900806	s	GI--	GI
o0902869	n	1(N02)--	1(N02)
o0900960	s	HI--	HI
o0901075	s	KASKAL--	KASKAL
o0902858	n	1(N01)--	1(N01)
o0900729	s	GAL-GAL~a-	GAL~a
o0902004	s	ŠITA-ŠITA~a1-	ŠITA~a1
o0901392	s	MU--	MU
o0902139	s	TUR--	TUR
o0901670	s	RU--	RU
o0901531	c	|NINDA₂×GUDU₄|-|NINDA₂×(HI~a1.ME~a)|-	|NINDA₂×GUDU₄|
o0901592	s	NUN-NUN~a-	NUN~a
o0902860	n	3(N01)--	3(N01)
o0900175	s	BU-BU~a-	BU~a
o0901592	s	NUN-NUN~a-	NUN~a
o0903368	s	X--	X
o0901724	s	SI--	SI
o0902858	n	1(N01)--	1(N01)
o0903368	s	X--	X
o0901744	s	SI₄-SI₄~f-	SI₄~f
o0900513	s	EN-EN~a-	EN~a
o0902858	n	1(N01)--	1(N01)
o0901187	s	LAGAB-LAGAB~b-	LAGAB~b
o0901724	s	SI--	SI
o0902858	n	1(N01)--	1(N01)
o0901724	s	SI--	SI
o0902139	s	TUR--	TUR
o0902858	n	1(N01)--	1(N01)
o0901724	s	SI--	SI
o0901137	s	KU-KU~b1-	KU~b1
o0903234	n	3(N57)--	3(N57)
o0901075	s	KASKAL--	KASKAL
o0902858	n	1(N01)--	1(N01)
o0902139	s	TUR--	TUR
o0901724	s	SI--	SI
o0901137	s	KU-KU~b1-	KU~b1
o0902858	n	1(N01)--	1(N01)
o0901744	s	SI₄-SI₄~f-	SI₄~f
o0901137	s	KU-KU~b1-	KU~b1
o0902102	s	TE--	TE
o0900988	s	IDIGNA--	IDIGNA
o0901724	s	SI--	SI
o0900175	s	BU-BU~a-	BU~a
o0902858	n	1(N01)--	1(N01)
o0901724	s	SI--	SI
o0900806	s	GI--	GI
o0901187	s	LAGAB-LAGAB~b-	LAGAB~b
o0902858	n	1(N01)--	1(N01)
o0901724	s	SI--	SI
o0901137	s	KU-KU~b1-	KU~b1
o0901724	s	SI--	SI
o0902102	s	TE--	TE
o0901662	s	RAD@g-RAD~a@g-	RAD~a@g
o0902858	n	1(N01)--	1(N01)
o0901724	s	SI--	SI
o0901187	s	LAGAB-LAGAB~b-	LAGAB~b
o0900875	s	GIŠ--	GIŠ
o0902858	n	1(N01)--	1(N01)
o0901724	s	SI--	SI
o0901137	s	KU-KU~b1-	KU~b1
o0900014	s	AB-AB~b-	AB~b
o0901613	s	NUNUZ-NUNUZ~a0-	NUNUZ~a0
o0902102	s	TE--	TE
o0902858	n	1(N01)--	1(N01)
o0901724	s	SI--	SI
o0901187	s	LAGAB-LAGAB~b-	LAGAB~b
o0900875	s	GIŠ--	GIŠ
o0901744	s	SI₄-SI₄~f-	SI₄~f
o0900513	s	EN-EN~a-	EN~a
o0902102	s	TE--	TE
o0901639	s	PAP-PAP~a-	PAP~a
o0901133	s	KITI--	KITI
o0903368	s	X--	X
o0903368	s	X--	X
o0902858	n	1(N01)--	1(N01)
o0901724	s	SI--	SI
o0901137	s	KU-KU~b1-	KU~b1
o0902763	s	ZATU795--	ZATU795
o0901284	s	LAM-LAM~b-	LAM~b
o0902858	n	1(N01)--	1(N01)
o0902139	s	TUR--	TUR
o0901724	s	SI--	SI
o0901137	s	KU-KU~b1-	KU~b1
o0902858	n	1(N01)--	1(N01)
o0901724	s	SI--	SI
o0901137	s	KU-KU~b1-	KU~b1
o0901625	s	PA-PA~a-	PA~a
o0900494	s	E₂-E₂~b-	E₂~b
o0902860	n	3(N01)--	3(N01)
o0901662	s	RAD@g-RAD~a@g-	RAD~a@g
o0901625	s	PA-PA~a-	PA~a
o0901744	s	SI₄-SI₄~f-	SI₄~f
o0900806	s	GI--	GI
o0902859	n	2(N01)--	2(N01)
o0901744	s	SI₄-SI₄~f-	SI₄~f
o0900806	s	GI--	GI
o0902858	n	1(N01)--	1(N01)
o0901744	s	SI₄-SI₄~f-	SI₄~f
o0900806	s	GI--	GI
o0902858	n	1(N01)--	1(N01)
o0901744	s	SI₄-SI₄~f-	SI₄~f
o0900806	s	GI--	GI
o0901005	s	IN-IN~b-	IN~b
o0900089	s	AN--	AN
o0901625	s	PA-PA~a-	PA~a
o0901062	s	KALAM-KALAM~a-	KALAM~a
o0901625	s	PA-PA~a-	PA~a
o0900175	s	BU-BU~a-	BU~a
o0902929	n	1(N14)--	1(N14)
o0902861	n	4(N01)--	4(N01)
o0901659	s	RAD-RAD~a-	RAD~a
o0900000	s	A--	A
o0903368	s	X--	X
o0901592	s	NUN-NUN~a-	NUN~a
o0903368	s	X--	X
o0900513	s	EN-EN~a-	EN~a
o0902929	n	1(N14)--	1(N14)
o0902861	n	4(N01)--	4(N01)
o0901133	s	KITI--	KITI
o0902763	s	ZATU795--	ZATU795
o0901284	s	LAM-LAM~b-	LAM~b
o0900494	s	E₂-E₂~b-	E₂~b
o0903368	s	X--	X
o0902930	n	2(N14)--	2(N14)
o0902102	s	TE--	TE
o0900513	s	EN-EN~a-	EN~a
o0902929	n	1(N14)--	1(N14)
o0902864	n	7(N01)--	7(N01)
o0900115	s	BA--	BA
o0902860	n	3(N01)--	3(N01)
o0900115	s	BA--	BA
o0901724	s	SI--	SI
o0901137	s	KU-KU~b1-	KU~b1
o0901744	s	SI₄-SI₄~f-	SI₄~f
o0900089	s	AN--	AN
o0902930	n	2(N14)--	2(N14)
o0902863	n	6(N01)--	6(N01)
o0900115	s	BA--	BA
o0902929	n	1(N14)--	1(N14)
o0902861	n	4(N01)--	4(N01)
o0901946	s	ŠE-ŠE~a-	ŠE~a
o0902860	n	3(N01)--	3(N01)
o0902809	s	ZATU841--	ZATU841
o0901724	s	SI--	SI
o0902859	n	2(N01)--	2(N01)
o0901744	s	SI₄-SI₄~f-	SI₄~f
o0902858	n	1(N01)--	1(N01)
o0901724	s	SI--	SI
o0902139	s	TUR--	TUR
o0902929	n	1(N14)--	1(N14)
o0902864	n	7(N01)--	7(N01)
o0901724	s	SI--	SI
o0901137	s	KU-KU~b1-	KU~b1
o0900089	s	AN--	AN
o0901677	s	SAG--	SAG
o0902929	n	1(N14)--	1(N14)
o0902859	n	2(N01)--	2(N01)
o0901744	s	SI₄-SI₄~f-	SI₄~f
o0902858	n	1(N01)--	1(N01)
o0901724	s	SI--	SI
o0901186	s	LAGAB-LAGAB~a-	LAGAB~a
o0902861	n	4(N01)--	4(N01)
o0902139	s	TUR--	TUR
o0901724	s	SI--	SI
o0902858	n	1(N01)--	1(N01)
o0901724	s	SI--	SI
o0901186	s	LAGAB-LAGAB~a-	LAGAB~a
o0900089	s	AN--	AN
o0901677	s	SAG--	SAG
o0900806	s	GI--	GI
o0902859	n	2(N01)--	2(N01)
o0901724	s	SI--	SI
o0903368	s	X--	X
o0902858	n	1(N01)--	1(N01)
o0901186	s	LAGAB-LAGAB~a-	LAGAB~a
o0902858	n	1(N01)--	1(N01)
o0902139	s	TUR--	TUR
o0902933	n	4(N14)--	4(N14)
o0901744	s	SI₄-SI₄~f-	SI₄~f
o0900513	s	EN-EN~a-	EN~a
o0901662	s	RAD@g-RAD~a@g-	RAD~a@g
o0902858	n	1(N01)--	1(N01)
o0901946	s	ŠE-ŠE~a-	ŠE~a
o0902332	s	URI₃-URI₃~a-	URI₃~a
o0900187	c	|BU×1(N58)|-|BU~a×1(N58)|-	|BU~a×1(N58)|
o0902858	n	1(N01)--	1(N01)
o0900960	s	HI--	HI
o0900494	s	E₂-E₂~b-	E₂~b
o0900599	s	GA-GA~a-	GA~a
o0901592	s	NUN-NUN~a-	NUN~a
o0902858	n	1(N01)--	1(N01)
o0901709	s	SANGA-SANGA~a-	SANGA~a
o0901075	s	KASKAL--	KASKAL
o0902858	n	1(N01)--	1(N01)
o0903234	n	3(N57)--	3(N57)
o0901697	s	SAL--	SAL
o0902858	n	1(N01)--	1(N01)
o0900883	c	|GIŠ×ŠU₂|-|GIŠ×ŠU₂~a|-	|GIŠ×ŠU₂~a|
o0902033	s	ŠU--	ŠU
o0900014	s	AB-AB~b-	AB~b
o0902858	n	1(N01)--	1(N01)
o0900890	s	GIŠ₃-GIŠ₃~b-	GIŠ₃~b
o0902157	s	U₂-U₂~b-	U₂~b
o0902869	n	1(N02)--	1(N02)
o0902858	n	1(N01)--	1(N01)
o0902033	s	ŠU--	ŠU
o0902329	s	URI--	URI
o0902858	n	1(N01)--	1(N01)
o0902161	s	U₄--	U₄
o0900089	s	AN--	AN
o0902339	s	URU-URU~a1-	URU~a1
o0900000	s	A--	A
o0902858	n	1(N01)--	1(N01)
o0901313	s	MA--	MA
o0900513	s	EN-EN~a-	EN~a
o0900552	s	EZEN-EZEN~b-	EZEN~b
o0902858	n	1(N01)--	1(N01)
o0902268	c	|UKKIN×DIN|-|UKKIN~b×DIN|-	|UKKIN~b×DIN|
o0903001	n	3(N21)--	3(N21)
o0900269	s	DIM-DIM~a-	DIM~a
o0900115	s	BA--	BA
o0902858	n	1(N01)--	1(N01)
o0902116	s	TUG₂-TUG₂~a-	TUG₂~a
o0901184	s	LA₂--	LA₂
o0902102	s	TE--	TE
o0902858	n	1(N01)--	1(N01)
o0900513	s	EN-EN~a-	EN~a
o0901060	s	KAL-KAL~b2-	KAL~b2
o0901376	s	MAŠ--	MAŠ
o0902858	n	1(N01)--	1(N01)
o0902406	s	UTUL-UTUL~a-	UTUL~a
o0900041	s	AB₂--	AB₂
o0902858	n	1(N01)--	1(N01)
o0903281	c	|1(N58).BAD|--	|1(N58).BAD~a|
o0902094	s	TAK₄-TAK₄~a-	TAK₄~a
o0901918	s	ŠA₃-ŠA₃~a1-	ŠA₃~a1
o0900000	s	A--	A
o0903368	s	X--	X
o0902858	n	1(N01)--	1(N01)
o0902858	n	1(N01)--	1(N01)
o0901744	s	SI₄-SI₄~f-	SI₄~f
o0900890	s	GIŠ₃-GIŠ₃~b-	GIŠ₃~b
o0902858	n	1(N01)--	1(N01)
o0900513	s	EN-EN~a-	EN~a
o0901030	s	KA-KA~a-	KA~a
o0901724	s	SI--	SI
o0902860	n	3(N01)--	3(N01)
o0900484	s	DUR-DUR~b-	DUR~b
o0900115	s	BA--	BA
o0902862	n	5(N01)--	5(N01)
o0900958	s	HAŠHUR--	HAŠHUR
o0902860	n	3(N01)--	3(N01)
o0902933	n	4(N14)--	4(N14)
o0902860	n	3(N01)--	3(N01)
o0901946	s	ŠE-ŠE~a-	ŠE~a
o0902860	n	3(N01)--	3(N01)
o0900484	s	DUR-DUR~b-	DUR~b
o0902860	n	3(N01)--	3(N01)
o0901313	s	MA--	MA
o0902930	n	2(N14)--	2(N14)
o0902862	n	5(N01)--	5(N01)
o0900875	s	GIŠ--	GIŠ
o0900906	s	GU--	GU
o0900958	s	HAŠHUR--	HAŠHUR
o0901592	s	NUN-NUN~a-	NUN~a
o0901000	s	IM-IM~a-	IM~a
o0902060	s	ŠUBUR--	ŠUBUR
o0902930	n	2(N14)--	2(N14)
o0902861	n	4(N01)--	4(N01)
o0901946	s	ŠE-ŠE~a-	ŠE~a
o0900089	s	AN--	AN
o0901648	s	PIRIG-PIRIG~b1-	PIRIG~b1
o0902929	n	1(N14)--	1(N14)
o0902861	n	4(N01)--	4(N01)
o0901393	s	MUD--	MUD
o0901592	s	NUN-NUN~a-	NUN~a
o0902929	n	1(N14)--	1(N14)
o0902861	n	4(N01)--	4(N01)
o0901312	s	LUM--	LUM
o0901313	s	MA--	MA
o0902932	n	3(N14)--	3(N14)
o0902858	n	1(N01)--	1(N01)
o0900229	s	DAR-DAR~b-	DAR~b
o0901639	s	PAP-PAP~a-	PAP~a
o0902930	n	2(N14)--	2(N14)
o0902859	n	2(N01)--	2(N01)
o0901639	s	PAP-PAP~a-	PAP~a
o0901648	s	PIRIG-PIRIG~b1-	PIRIG~b1
o0902929	n	1(N14)--	1(N14)
o0902861	n	4(N01)--	4(N01)
o0901090	s	KI--	KI
o0900729	s	GAL-GAL~a-	GAL~a
o0900279	s	DU--	DU
o0902930	n	2(N14)--	2(N14)
o0902860	n	3(N01)--	3(N01)
o0900175	s	BU-BU~a-	BU~a
o0900279	s	DU--	DU
o0902932	n	3(N14)--	3(N14)
o0902859	n	2(N01)--	2(N01)
o0901697	s	SAL--	SAL
o0902933	n	4(N14)--	4(N14)
o0901926	s	ŠAB-ŠAB~a-	ŠAB~a
o0903137	n	2(N45)--	2(N45)
o0902932	n	3(N14)--	3(N14)
o0901946	s	ŠE-ŠE~a-	ŠE~a
o0900839	s	GIBIL--	GIBIL
o0902161	s	U₄--	U₄
o0901639	s	PAP-PAP~a-	PAP~a
o0900983	s	IB-IB~a-	IB~a
o0902939	n	8(N14)--	8(N14)
o0901946	s	ŠE-ŠE~a-	ŠE~a
o0901639	s	PAP-PAP~a-	PAP~a
o0900983	s	IB-IB~a-	IB~a
o0902930	n	2(N14)--	2(N14)
o0902859	n	2(N01)--	2(N01)
o0901946	s	ŠE-ŠE~a-	ŠE~a
o0900089	s	AN--	AN
o0901648	s	PIRIG-PIRIG~b1-	PIRIG~b1
o0902932	n	3(N14)--	3(N14)
o0901946	s	ŠE-ŠE~a-	ŠE~a
o0903368	s	X--	X
o0900229	s	DAR-DAR~b-	DAR~b
o0902858	n	1(N01)--	1(N01)
o0901946	s	ŠE-ŠE~a-	ŠE~a
o0902929	n	1(N14)--	1(N14)
o0902859	n	2(N01)--	2(N01)
o0901946	s	ŠE-ŠE~a-	ŠE~a
o0901393	s	MUD--	MUD
o0901592	s	NUN-NUN~a-	NUN~a
o0901639	s	PAP-PAP~a-	PAP~a
o0902929	n	1(N14)--	1(N14)
o0902859	n	2(N01)--	2(N01)
o0901946	s	ŠE-ŠE~a-	ŠE~a
o0901312	s	LUM--	LUM
o0902930	n	2(N14)--	2(N14)
o0901946	s	ŠE-ŠE~a-	ŠE~a
o0901648	s	PIRIG-PIRIG~b1-	PIRIG~b1
o0901639	s	PAP-PAP~a-	PAP~a
o0902929	n	1(N14)--	1(N14)
o0902859	n	2(N01)--	2(N01)
o0901946	s	ŠE-ŠE~a-	ŠE~a
o0900729	s	GAL-GAL~a-	GAL~a
o0900279	s	DU--	DU
o0901090	s	KI--	KI
o0902859	n	2(N01)--	2(N01)
o0900513	s	EN-EN~a-	EN~a
o0900217	s	DA-DA~a-	DA~a
o0902859	n	2(N01)--	2(N01)
o0901946	s	ŠE-ŠE~a-	ŠE~a
o0900906	s	GU--	GU
o0901614	s	NUNUZ-NUNUZ~a1-	NUNUZ~a1
o0900175	s	BU-BU~a-	BU~a
o0901461	s	NAGAR-NAGAR~b-	NAGAR~b
o0900115	s	BA--	BA
o0901941	s	ŠAM₂--	ŠAM₂
o0900550	s	EZEN-EZEN~a-	EZEN~a
o0900778	s	GAN₂--	GAN₂
o0903137	n	2(N45)--	2(N45)
o0902972	n	1(N19)--	1(N19)
o0900115	s	BA--	BA
o0900839	s	GIBIL--	GIBIL
o0902161	s	U₄--	U₄
o0901639	s	PAP-PAP~a-	PAP~a
o0900983	s	IB-IB~a-	IB~a
o0901785	c	|SILA₃×DUG|-|SILA₃~a~v1×DUG~a|-	|SILA₃~a×DUG~a|
o0900000	s	A--	A
o0900778	s	GAN₂--	GAN₂
o0900175	s	BU-BU~a-	BU~a
o0900000	s	A--	A
o0901457	s	NAGAR-NAGAR~a-	NAGAR~a
o0902860	n	3(N01)--	3(N01)
o0901946	s	ŠE-ŠE~a-	ŠE~a
o0901393	s	MUD--	MUD
o0901592	s	NUN-NUN~a-	NUN~a
o0903100	n	2(N39)-2(N39~a)-	2(N39~a)
o0903016	n	1(N24)--	1(N24)
o0903368	s	X--	X
o0900839	s	GIBIL--	GIBIL
o0902858	n	1(N01)--	1(N01)
o0903368	s	X--	X
o0901639	s	PAP-PAP~a-	PAP~a
o0902858	n	1(N01)--	1(N01)
o0903368	s	X--	X
o0900229	s	DAR-DAR~b-	DAR~b
o0902862	n	5(N01)--	5(N01)
o0903100	n	2(N39)-2(N39~a)-	2(N39~a)
o0903016	n	1(N24)--	1(N24)
o0902161	s	U₄--	U₄
o0901946	s	ŠE-ŠE~a-	ŠE~a
o0900839	s	GIBIL--	GIBIL
o0901639	s	PAP-PAP~a-	PAP~a
o0900983	s	IB-IB~a-	IB~a
o0902862	n	5(N01)--	5(N01)
o0900958	s	HAŠHUR--	HAŠHUR
o0902146	s	TUR₃-TUR₃~a-	TUR₃~a
o0900494	s	E₂-E₂~b-	E₂~b
o0900279	s	DU--	DU
o0900983	s	IB-IB~a-	IB~a
o0902858	n	1(N01)--	1(N01)
o0902859	n	2(N01)--	2(N01)
o0902234	s	UD₅-UD₅~a-	UD₅~a
o0902858	n	1(N01)--	1(N01)
o0900806	s	GI--	GI
o0902859	n	2(N01)--	2(N01)
o0902156	s	U₂-U₂~a-	U₂~a
o0902859	n	2(N01)--	2(N01)
o0902461	s	ZATU632-ZATU632~a-	ZATU632~a
o0902860	n	3(N01)--	3(N01)
o0901080	s	KAŠ-KAŠ~b-	KAŠ~b
o0902033	s	ŠU--	ŠU
o0902859	n	2(N01)--	2(N01)
o0903368	s	X--	X
o0900217	s	DA-DA~a-	DA~a
o0902860	n	3(N01)--	3(N01)
o0901709	s	SANGA-SANGA~a-	SANGA~a
o0902039	s	ŠU₂-ŠU₂~a-	ŠU₂
o0902859	n	2(N01)--	2(N01)
o0900513	s	EN-EN~a-	EN~a
o0901724	s	SI--	SI
o0902859	n	2(N01)--	2(N01)
o0901639	s	PAP-PAP~a-	PAP~a
o0901426	s	MUŠEN--	MUŠEN
o0902041	c	|ŠU₂~a.AN|--	|ŠU₂.AN|
o0902859	n	2(N01)--	2(N01)
o0903368	s	X--	X
o0902859	n	2(N01)--	2(N01)
o0900089	s	AN--	AN
o0902102	s	TE--	TE
o0902858	n	1(N01)--	1(N01)
o0901158	s	KUR-KUR~a-	KUR~a
o0902139	s	TUR--	TUR
o0902858	n	1(N01)--	1(N01)
o0901639	s	PAP-PAP~a-	PAP~a
o0903368	s	X--	X
o0900513	s	EN-EN~a-	EN~a
o0900154	s	BAR--	BAR
o0902858	n	1(N01)--	1(N01)
o0901137	s	KU-KU~b1-	KU~b1
o0901961	s	ŠE@t-ŠE~a@t-	ŠE~a@t
o0902858	n	1(N01)--	1(N01)
o0901074	s	KAR₂-KAR₂~b-	KAR₂~b
o0900494	s	E₂-E₂~b-	E₂~b
o0901639	s	PAP-PAP~a-	PAP~a
o0902858	n	1(N01)--	1(N01)
o0900100	s	APIN-APIN~a-	APIN~a
o0902858	n	1(N01)--	1(N01)
o0900493	s	E₂-E₂~a-	E₂~a
o0903368	s	X--	X
o0901075	s	KASKAL--	KASKAL
o0902932	n	3(N14)--	3(N14)
o0902859	n	2(N01)--	2(N01)
o0900064	s	AL--	AL
o0903222	n	2(N57)--	2(N57)
o0901407	s	MUN-MUN~a1-	MUN~a1
o0901625	s	PA-PA~a-	PA~a
o0901082	s	KAŠ-KAŠ~c-	KAŠ~c
o0900217	s	DA-DA~a-	DA~a
o0901899	s	SUKUD@g-SUKUD@g~d-	SUKUD@g~d
o0901501	s	NI-NI~a-	NI~a
o0902161	s	U₄--	U₄
o0902033	s	ŠU--	ŠU
o0902506	s	ZATU659--	ZATU659
o0900175	s	BU-BU~a-	BU~a
o0901946	s	ŠE-ŠE~a-	ŠE~a
o0902060	s	ŠUBUR--	ŠUBUR
o0900513	s	EN-EN~a-	EN~a
o0902157	s	U₂-U₂~b-	U₂~b
o0900279	s	DU--	DU
o0900594	s	EZINU-EZINU~a-	EZINU~a
o0900513	s	EN-EN~a-	EN~a
o0902506	s	ZATU659--	ZATU659
o0902506	s	ZATU659--	ZATU659
o0902033	s	ŠU--	ŠU
o0902033	s	ŠU--	ŠU
o0900175	s	BU-BU~a-	BU~a
o0900806	s	GI--	GI
o0902039	s	ŠU₂-ŠU₂~a-	ŠU₂
o0901639	s	PAP-PAP~a-	PAP~a
o0903234	n	3(N57)--	3(N57)
o0901697	s	SAL--	SAL
o0903234	n	3(N57)--	3(N57)
o0900000	s	A--	A
o0900175	s	BU-BU~a-	BU~a
o0902302	s	UR-UR~a-	UR~a
o0903234	n	3(N57)--	3(N57)
o0900269	s	DIM-DIM~a-	DIM~a
o0900513	s	EN-EN~a-	EN~a
o0900883	c	|GIŠ×ŠU₂|-|GIŠ×ŠU₂~a|-	|GIŠ×ŠU₂~a|
o0902033	s	ŠU--	ŠU
o0902033	s	ŠU--	ŠU
o0900552	s	EZEN-EZEN~b-	EZEN~b
o0900513	s	EN-EN~a-	EN~a
o0902039	s	ŠU₂-ŠU₂~a-	ŠU₂
o0901697	s	SAL--	SAL
o0900513	s	EN-EN~a-	EN~a
o0900082	s	AMAR--	AMAR
o0902033	s	ŠU--	ŠU
o0900493	s	E₂-E₂~a-	E₂~a
o0900175	s	BU-BU~a-	BU~a
o0900269	s	DIM-DIM~a-	DIM~a
o0901639	s	PAP-PAP~a-	PAP~a
o0901918	s	ŠA₃-ŠA₃~a1-	ŠA₃~a1
o0900000	s	A--	A
o0902094	s	TAK₄-TAK₄~a-	TAK₄~a
o0901468	s	NAM₂--	NAM₂
o0900124	s	BAHAR₂-BAHAR₂~a-	BAHAR₂~a
o0900513	s	EN-EN~a-	EN~a
o0900513	s	EN-EN~a-	EN~a
o0902157	s	U₂-U₂~b-	U₂~b
o0900960	s	HI--	HI
o0900124	s	BAHAR₂-BAHAR₂~a-	BAHAR₂~a
o0903234	n	3(N57)--	3(N57)
o0903268	n	6(N57)--	6(N57)
o0902220	s	U₈--	U₈
o0902866	n	9(N01)--	9(N01)
o0900513	s	EN-EN~a-	EN~a
o0902139	s	TUR--	TUR
o0901625	s	PA-PA~a-	PA~a
o0902136	s	TUN₃-TUN₃~a-	TUN₃~a
o0901677	s	SAG--	SAG
o0900960	s	HI--	HI
o0901524	s	NIN--	NIN
o0901724	s	SI--	SI
o0900162	s	BARA₃--	BARA₃
o0901501	s	NI-NI~a-	NI~a
o0900860	s	GIR₃-GIR₃~c-	GIR₃~c
o0900199	c	|BU+DU₆|-|BU~a+DU₆~a|-	|BU~a+DU₆~a|
o0900935	s	GUL--	GUL
o0900269	s	DIM-DIM~a-	DIM~a
o0901639	s	PAP-PAP~a-	PAP~a
o0901697	s	SAL--	SAL
o0900228	s	DAR-DAR~a-	DAR~a
o0901101	s	KID-KID~e-	KID~e
o0901592	s	NUN-NUN~a-	NUN~a
o0900513	s	EN-EN~a-	EN~a
o0901339	c	|MAH×NA|-|MAH~b×NA~a|-	|MAH~b×NA~a|
o0902864	n	7(N01)--	7(N01)
o0902207	c	|U₄×2(N57)|--	|U₄×2(N57)|
o0902139	s	TUR--	TUR
o0902039	s	ŠU₂-ŠU₂~a-	ŠU₂
o0901697	s	SAL--	SAL
o0902064	s	ŠUR₂-ŠUR₂~b-	ŠUR₂~b
o0902103	s	TI--	TI
o0901870	s	SU-SU~a-	SU~a
o0900513	s	EN-EN~a-	EN~a
o0900229	s	DAR-DAR~b-	DAR~b
o0900493	s	E₂-E₂~a-	E₂~a
o0900883	c	|GIŠ×ŠU₂|-|GIŠ×ŠU₂~a|-	|GIŠ×ŠU₂~a|
o0900513	s	EN-EN~a-	EN~a
o0901724	s	SI--	SI
o0900493	s	E₂-E₂~a-	E₂~a
o0901380	s	ME-ME~a-	ME~a
o0903234	n	3(N57)--	3(N57)
o0901697	s	SAL--	SAL
o0902859	n	2(N01)--	2(N01)
o0902206	c	|U₄×1(N57)|--	|U₄×1(N57)|
o0902139	s	TUR--	TUR
o0900175	s	BU-BU~a-	BU~a
o0900806	s	GI--	GI
o0901639	s	PAP-PAP~a-	PAP~a
o0900956	s	HAL--	HAL
o0902929	n	1(N14)--	1(N14)
o0902859	n	2(N01)--	2(N01)
o0902208	c	|U₄×3(N57)|--	|U₄×3(N57)|
o0902139	s	TUR--	TUR
o0901771	s	SIG₇--	SIG₇
o0901426	s	MUŠEN--	MUŠEN
o0900513	s	EN-EN~a-	EN~a
o0902157	s	U₂-U₂~b-	U₂~b
o0900279	s	DU--	DU
o0902506	s	ZATU659--	ZATU659
o0900806	s	GI--	GI
o0901918	s	ŠA₃-ŠA₃~a1-	ŠA₃~a1
o0901682	c	|SAG×GEŠTU|-|SAG@n×GEŠTU~b|-	|SAG×GEŠTU~b|
o0900875	s	GIŠ--	GIŠ
o0900908	s	GU₄--	GU₄
o0901697	s	SAL--	SAL
o0900513	s	EN-EN~a-	EN~a
o0900513	s	EN-EN~a-	EN~a
o0902157	s	U₂-U₂~b-	U₂~b
o0900012	s	AB-AB~a-	AB~a
o0900871	s	GIR₃@g-GIR₃@g~c-	GIR₃@g~c
o0900513	s	EN-EN~a-	EN~a
o0900493	s	E₂-E₂~a-	E₂~a
o0900175	s	BU-BU~a-	BU~a
o0903234	n	3(N57)--	3(N57)
o0901618	s	NUNUZ-NUNUZ~c-	NUNUZ~c
o0900493	s	E₂-E₂~a-	E₂~a
o0900860	s	GIR₃-GIR₃~c-	GIR₃~c
o0901724	s	SI--	SI
o0900053	s	AD-AD~a-	AD~a
o0900089	s	AN--	AN
o0902929	n	1(N14)--	1(N14)
o0902858	n	1(N01)--	1(N01)
o0900064	s	AL--	AL
o0901946	s	ŠE-ŠE~a-	ŠE~a
o0901426	s	MUŠEN--	MUŠEN
o0901005	s	IN-IN~b-	IN~b
o0900513	s	EN-EN~a-	EN~a
o0900956	s	HAL--	HAL
o0901639	s	PAP-PAP~a-	PAP~a
o0902146	s	TUR₃-TUR₃~a-	TUR₃~a
o0903264	n	5(N57)--	5(N57)
o0901639	s	PAP-PAP~a-	PAP~a
o0900089	s	AN--	AN
o0902102	s	TE--	TE
o0901090	s	KI--	KI
o0900729	s	GAL-GAL~a-	GAL~a
o0902829	s	ZI-ZI~a-	ZI~a
o0900493	s	E₂-E₂~a-	E₂~a
o0902739	s	ZATU773-ZATU773~a-	ZATU773~a
o0901376	s	MAŠ--	MAŠ
o0901158	s	KUR-KUR~a-	KUR~a
o0900513	s	EN-EN~a-	EN~a
o0900089	s	AN--	AN
o0900493	s	E₂-E₂~a-	E₂~a
o0900175	s	BU-BU~a-	BU~a
o0901946	s	ŠE-ŠE~a-	ŠE~a
o0901419	s	MUŠ₃-MUŠ₃~a-	MUŠ₃~a
o0901588	s	NU₁₁@t--	NU₁₁@t
o0902859	n	2(N01)--	2(N01)
o0900513	s	EN-EN~a-	EN~a
o0902139	s	TUR--	TUR
o0900124	s	BAHAR₂-BAHAR₂~a-	BAHAR₂~a
o0900175	s	BU-BU~a-	BU~a
o0900175	s	BU-BU~a-	BU~a
o0900279	s	DU--	DU
o0902860	n	3(N01)--	3(N01)
o0902206	c	|U₄×1(N57)|--	|U₄×1(N57)|
o0902139	s	TUR--	TUR
o0900616	s	GA₂-GA₂~a1-	GA₂~a1
o0900513	s	EN-EN~a-	EN~a
o0900906	s	GU--	GU
o0902039	s	ŠU₂-ŠU₂~a-	ŠU₂
o0900175	s	BU-BU~a-	BU~a
o0903210	n	1(N57)--	1(N57)
o0900000	s	A--	A
o0901483	s	NE-NE~a-	NE~a
o0902860	n	3(N01)--	3(N01)
o0902207	c	|U₄×2(N57)|--	|U₄×2(N57)|
o0902139	s	TUR--	TUR
o0900826	c	|GI~v1&GI~v1&GI~v1|--	|GI&GI&GI|
o0900513	s	EN-EN~a-	EN~a
o0901584	s	NU--	NU
o0902247	c	|UDU×TAR|-|UDU~a×TAR~a|-	|(UDU~a×TAR)~a|
o0900513	s	EN-EN~a-	EN~a
o0902028	s	ŠITA@g-ŠITA~b3@g-	ŠITA@g~a
o0900012	s	AB-AB~a-	AB~a
o0902861	n	4(N01)--	4(N01)
o0902208	c	|U₄×3(N57)|--	|U₄×3(N57)|
o0902139	s	TUR--	TUR
o0903234	n	3(N57)--	3(N57)
o0900485	s	DUR₂--	DUR₂
o0900199	c	|BU+DU₆|-|BU~a+DU₆~a|-	|BU~a+DU₆~a|
o0900513	s	EN-EN~a-	EN~a
o0900000	s	A--	A
o0900935	s	GUL--	GUL
o0901677	s	SAG--	SAG
o0902506	s	ZATU659--	ZATU659
o0903210	n	1(N57)--	1(N57)
o0901407	s	MUN-MUN~a1-	MUN~a1
o0902933	n	4(N14)--	4(N14)
o0902860	n	3(N01)--	3(N01)
o0900064	s	AL--	AL
o0902929	n	1(N14)--	1(N14)
o0902858	n	1(N01)--	1(N01)
o0900513	s	EN-EN~a-	EN~a
o0902139	s	TUR--	TUR
o0902862	n	5(N01)--	5(N01)
o0902206	c	|U₄×1(N57)|--	|U₄×1(N57)|
o0902139	s	TUR--	TUR
o0902929	n	1(N14)--	1(N14)
o0902207	c	|U₄×2(N57)|--	|U₄×2(N57)|
o0902139	s	TUR--	TUR
o0902929	n	1(N14)--	1(N14)
o0902863	n	6(N01)--	6(N01)
o0902208	c	|U₄×3(N57)|--	|U₄×3(N57)|
o0902139	s	TUR--	TUR
o0903059	n	1(N34)--	1(N34)
o0902930	n	2(N14)--	2(N14)
o0902862	n	5(N01)--	5(N01)
o0903210	n	1(N57)--	1(N57)
o0903222	n	2(N57)--	2(N57)
o0901407	s	MUN-MUN~a1-	MUN~a1
o0901870	s	SU-SU~a-	SU~a
o0901639	s	PAP-PAP~a-	PAP~a
o0903281	c	|1(N58).BAD|--	|1(N58).BAD~a|
o0901724	s	SI--	SI
o0900089	s	AN--	AN
o0900053	s	AD-AD~a-	AD~a
o0900845	s	GIR-GIR~a-	GIR~a
o0902930	n	2(N14)--	2(N14)
o0902862	n	5(N01)--	5(N01)
o0902234	s	UD₅-UD₅~a-	UD₅~a
o0902858	n	1(N01)--	1(N01)
o0902400	s	UTUA-UTUA~a-	UTUA~a
o0902858	n	1(N01)--	1(N01)
o0902250	s	UDUNITA-UDUNITA~a-	UDUNITA~a
o0902859	n	2(N01)--	2(N01)
o0901593	s	NUN-NUN~b-	NUN~b
o0902858	n	1(N01)--	1(N01)
o0901377	s	MAŠ₂--	MAŠ₂
o0901483	s	NE-NE~a-	NE~a
o0901614	s	NUNUZ-NUNUZ~a1-	NUNUZ~a1
o0902858	n	1(N01)--	1(N01)
o0902234	s	UD₅-UD₅~a-	UD₅~a
o0902859	n	2(N01)--	2(N01)
o0901593	s	NUN-NUN~b-	NUN~b
o0900960	s	HI--	HI
o0903210	n	1(N57)--	1(N57)
o0900115	s	BA--	BA
o0900100	s	APIN-APIN~a-	APIN~a
o0902858	n	1(N01)--	1(N01)
o0902220	s	U₈--	U₈
o0902929	n	1(N14)--	1(N14)
o0902860	n	3(N01)--	3(N01)
o0902234	s	UD₅-UD₅~a-	UD₅~a
o0902858	n	1(N01)--	1(N01)
o0902400	s	UTUA-UTUA~a-	UTUA~a
o0902929	n	1(N14)--	1(N14)
o0902400	s	UTUA-UTUA~a-	UTUA~a
o0902858	n	1(N01)--	1(N01)
o0902250	s	UDUNITA-UDUNITA~a-	UDUNITA~a
o0902863	n	6(N01)--	6(N01)
o0901593	s	NUN-NUN~b-	NUN~b
o0902861	n	4(N01)--	4(N01)
o0901377	s	MAŠ₂--	MAŠ₂
o0903210	n	1(N57)--	1(N57)
o0900115	s	BA--	BA
o0902860	n	3(N01)--	3(N01)
o0902234	s	UD₅-UD₅~a-	UD₅~a
o0902858	n	1(N01)--	1(N01)
o0902400	s	UTUA-UTUA~a-	UTUA~a
o0902250	s	UDUNITA-UDUNITA~a-	UDUNITA~a
o0902858	n	1(N01)--	1(N01)
o0902858	n	1(N01)--	1(N01)
o0901377	s	MAŠ₂--	MAŠ₂
o0900983	s	IB-IB~a-	IB~a
o0902102	s	TE--	TE
o0902060	s	ŠUBUR--	ŠUBUR
o0902332	s	URI₃-URI₃~a-	URI₃~a
o0902862	n	5(N01)--	5(N01)
o0902220	s	U₈--	U₈
o0902930	n	2(N14)--	2(N14)
o0902858	n	1(N01)--	1(N01)
o0902234	s	UD₅-UD₅~a-	UD₅~a
o0902863	n	6(N01)--	6(N01)
o0902400	s	UTUA-UTUA~a-	UTUA~a
o0902858	n	1(N01)--	1(N01)
o0902250	s	UDUNITA-UDUNITA~a-	UDUNITA~a
o0902858	n	1(N01)--	1(N01)
o0901593	s	NUN-NUN~b-	NUN~b
o0902860	n	3(N01)--	3(N01)
o0901377	s	MAŠ₂--	MAŠ₂
o0903061	n	2(N34)--	2(N34)
o0901483	s	NE-NE~a-	NE~a
o0901614	s	NUNUZ-NUNUZ~a1-	NUNUZ~a1
o0902929	n	1(N14)--	1(N14)
o0902860	n	3(N01)--	3(N01)
o0901030	s	KA-KA~a-	KA~a
o0902805	s	ZATU838--	ZATU838
o0902859	n	2(N01)--	2(N01)
o0902506	s	ZATU659--	ZATU659
o0901186	s	LAGAB-LAGAB~a-	LAGAB~a
o0902860	n	3(N01)--	3(N01)
o0902102	s	TE--	TE
o0902060	s	ŠUBUR--	ŠUBUR
o0902935	n	5(N14)-5(N14)~v1-	5(N14)
o0902863	n	6(N01)--	6(N01)
o0900960	s	HI--	HI
o0900513	s	EN-EN~a-	EN~a
o0901090	s	KI--	KI
o0902929	n	1(N14)--	1(N14)
o0902860	n	3(N01)--	3(N01)
o0903210	n	1(N57)--	1(N57)
o0900115	s	BA--	BA
o0901955	c	|ŠE.NAM₂|-|ŠE~a.NAM₂|-	|ŠE~a.NAM₂|
o0902861	n	4(N01)--	4(N01)
o0902250	s	UDUNITA-UDUNITA~a-	UDUNITA~a
o0902932	n	3(N14)--	3(N14)
o0902858	n	1(N01)--	1(N01)
o0901593	s	NUN-NUN~b-	NUN~b
o0902930	n	2(N14)--	2(N14)
o0902858	n	1(N01)--	1(N01)
o0901377	s	MAŠ₂--	MAŠ₂
o0900513	s	EN-EN~a-	EN~a
o0900115	s	BA--	BA
o0902858	n	1(N01)--	1(N01)
o0900493	s	E₂-E₂~a-	E₂~a
o0900908	s	GU₄--	GU₄
o0902859	n	2(N01)--	2(N01)
o0901128	s	KIŠ--	KIŠ
o0902858	n	1(N01)--	1(N01)
o0901158	s	KUR-KUR~a-	KUR~a
o0902858	n	1(N01)--	1(N01)
o0901697	s	SAL--	SAL
o0903063	n	4(N34)--	4(N34)
o0901483	s	NE-NE~a-	NE~a
o0901614	s	NUNUZ-NUNUZ~a1-	NUNUZ~a1
o0902208	c	|U₄×3(N57)|--	|U₄×3(N57)|
o0902930	n	2(N14)--	2(N14)
o0903006	n	2(N22)--	2(N22)
o0902327	s	UR₅-UR₅~a-	UR₅~a
o0901313	s	MA--	MA
o0902865	n	8(N01)--	8(N01)
o0902932	n	3(N14)--	3(N14)
o0902293	s	UNUG-UNUG~a-	UNUG~a
o0902866	n	9(N01)--	9(N01)
o0902929	n	1(N14)--	1(N14)
o0900485	s	DUR₂--	DUR₂
o0900806	s	GI--	GI
o0902596	s	ZATU703--	ZATU703
o0902860	n	3(N01)--	3(N01)
o0902929	n	1(N14)--	1(N14)
o0903005	n	1(N22)--	1(N22)
o0900883	c	|GIŠ×ŠU₂|-|GIŠ×ŠU₂~a|-	|GIŠ×ŠU₂~a|
o0902861	n	4(N01)--	4(N01)
o0902858	n	1(N01)--	1(N01)
o0902859	n	2(N01)--	2(N01)
o0902929	n	1(N14)--	1(N14)
o0900115	s	BA--	BA
o0902575	s	ZATU694-ZATU694~c-	ZATU694~c
o0901677	s	SAG--	SAG
o0902860	n	3(N01)--	3(N01)
o0903006	n	2(N22)--	2(N22)
o0901437	s	NA-NA~a-	NA~a
o0901670	s	RU--	RU
o0901481	s	NAR--	NAR
o0902859	n	2(N01)--	2(N01)
o0902929	n	1(N14)--	1(N14)
o0900228	s	DAR-DAR~a-	DAR~a
o0901467	s	NAM-NAM~d-	NAM~d
o0902860	n	3(N01)--	3(N01)
o0902929	n	1(N14)--	1(N14)
o0902094	s	TAK₄-TAK₄~a-	TAK₄~a
o0900000	s	A--	A
o0900906	s	GU--	GU
o0902860	n	3(N01)--	3(N01)
o0902929	n	1(N14)--	1(N14)
o0902860	n	3(N01)--	3(N01)
o0903006	n	2(N22)--	2(N22)
o0900493	s	E₂-E₂~a-	E₂~a
o0900806	s	GI--	GI
o0902859	n	2(N01)--	2(N01)
o0902929	n	1(N14)--	1(N14)
o0902332	s	URI₃-URI₃~a-	URI₃~a
o0900983	s	IB-IB~a-	IB~a
o0902860	n	3(N01)--	3(N01)
o0903005	n	1(N22)--	1(N22)
o0901501	s	NI-NI~a-	NI~a
o0900890	s	GIŠ₃-GIŠ₃~b-	GIŠ₃~b
o0902858	n	1(N01)--	1(N01)
o0903005	n	1(N22)--	1(N22)
o0900089	s	AN--	AN
o0902309	s	UR₂--	UR₂
o0900000	s	A--	A
o0902858	n	1(N01)--	1(N01)
o0903005	n	1(N22)--	1(N22)
o0901184	s	LA₂--	LA₂
o0900064	s	AL--	AL
o0902858	n	1(N01)--	1(N01)
o0903005	n	1(N22)--	1(N22)
o0900089	s	AN--	AN
o0900154	s	BAR--	BAR
o0901030	s	KA-KA~a-	KA~a
o0902858	n	1(N01)--	1(N01)
o0903005	n	1(N22)--	1(N22)
o0900089	s	AN--	AN
o0900836	s	GI₆--	GI₆
o0900000	s	A--	A
o0902858	n	1(N01)--	1(N01)
o0903005	n	1(N22)--	1(N22)
o0902373	s	URUDU-URUDU~a-	URUDU~a
o0901966	s	ŠEG₉--	ŠEG₉
o0902858	n	1(N01)--	1(N01)
o0902938	n	7(N14)--	7(N14)
o0902930	n	2(N14)--	2(N14)
o0902858	n	1(N01)--	1(N01)
o0903005	n	1(N22)--	1(N22)
o0901030	s	KA-KA~a-	KA~a
o0902858	n	1(N01)--	1(N01)
o0900493	s	E₂-E₂~a-	E₂~a
o0903005	n	1(N22)--	1(N22)
o0901361	s	MAR-MAR~a-	MAR~a
o0901313	s	MA--	MA
o0900089	s	AN--	AN
o0902858	n	1(N01)--	1(N01)
o0902929	n	1(N14)--	1(N14)
o0900222	c	|DA.LIŠ|-|DA~a.LIŠ|-	|DA~a.LIŠ|
o0901625	s	PA-PA~a-	PA~a
o0902860	n	3(N01)--	3(N01)
o0902929	n	1(N14)--	1(N14)
o0902455	s	ZATU628-ZATU628~b-	ZATU628~b
o0901501	s	NI-NI~a-	NI~a
o0902094	s	TAK₄-TAK₄~a-	TAK₄~a
o0901090	s	KI--	KI
o0902860	n	3(N01)--	3(N01)
o0902929	n	1(N14)--	1(N14)
o0900100	s	APIN-APIN~a-	APIN~a
o0902860	n	3(N01)--	3(N01)
o0903005	n	1(N22)--	1(N22)
o0901771	s	SIG₇--	SIG₇
o0902858	n	1(N01)--	1(N01)
o0902865	n	8(N01)--	8(N01)
o0902243	s	UDU-UDU~a-	UDU~a
o0901376	s	MAŠ--	MAŠ
o0902929	n	1(N14)--	1(N14)
o0901639	s	PAP-PAP~a-	PAP~a
o0902033	s	ŠU--	ŠU
o0902858	n	1(N01)--	1(N01)
o0902929	n	1(N14)--	1(N14)
o0902806	s	ZATU839--	ZATU839
o0903222	n	2(N57)--	2(N57)
o0902033	s	ŠU--	ŠU
o0900279	s	DU--	DU
o0901501	s	NI-NI~a-	NI~a
o0902858	n	1(N01)--	1(N01)
o0902929	n	1(N14)--	1(N14)
o0902309	s	UR₂--	UR₂
o0901501	s	NI-NI~a-	NI~a
o0901082	s	KAŠ-KAŠ~c-	KAŠ~c
o0902858	n	1(N01)--	1(N01)
o0902929	n	1(N14)--	1(N14)
o0901393	s	MUD--	MUD
o0900089	s	AN--	AN
o0901501	s	NI-NI~a-	NI~a
o0902859	n	2(N01)--	2(N01)
o0903006	n	2(N22)--	2(N22)
o0902332	s	URI₃-URI₃~a-	URI₃~a
o0900983	s	IB-IB~a-	IB~a
o0902858	n	1(N01)--	1(N01)
o0902929	n	1(N14)--	1(N14)
o0903210	n	1(N57)--	1(N57)
o0901437	s	NA-NA~a-	NA~a
o0902859	n	2(N01)--	2(N01)
o0902929	n	1(N14)--	1(N14)
o0901304	s	LU₂--	LU₂
o0900778	s	GAN₂--	GAN₂
o0900000	s	A--	A
o0902859	n	2(N01)--	2(N01)
o0902929	n	1(N14)--	1(N14)
o0901744	s	SI₄-SI₄~f-	SI₄~f
o0902859	n	2(N01)--	2(N01)
o0903005	n	1(N22)--	1(N22)
o0900217	s	DA-DA~a-	DA~a
o0902858	n	1(N01)--	1(N01)
o0903005	n	1(N22)--	1(N22)
o0900089	s	AN--	AN
o0901648	s	PIRIG-PIRIG~b1-	PIRIG~b1
o0901082	s	KAŠ-KAŠ~c-	KAŠ~c
o0902858	n	1(N01)--	1(N01)
o0902929	n	1(N14)--	1(N14)
o0900513	s	EN-EN~a-	EN~a
o0902094	s	TAK₄-TAK₄~a-	TAK₄~a
o0900000	s	A--	A
o0902859	n	2(N01)--	2(N01)
o0903005	n	1(N22)--	1(N22)
o0901677	s	SAG--	SAG
o0900000	s	A--	A
o0902858	n	1(N01)--	1(N01)
o0900729	s	GAL-GAL~a-	GAL~a
o0900948	s	GURUŠ-GURUŠ~a-	GURUŠ~a
o0902940	n	9(N14)--	9(N14)
o0903006	n	2(N22)--	2(N22)
o0900778	s	GAN₂--	GAN₂
o0902929	n	1(N14)--	1(N14)
o0902864	n	7(N01)--	7(N01)
o0902243	s	UDU-UDU~a-	UDU~a
o0901376	s	MAŠ--	MAŠ
o0901090	s	KI--	KI
o0900729	s	GAL-GAL~a-	GAL~a
o0900948	s	GURUŠ-GURUŠ~a-	GURUŠ~a
o0901618	s	NUNUZ-NUNUZ~c-	NUNUZ~c
o0900000	s	A--	A
o0901437	s	NA-NA~a-	NA~a
o0900175	s	BU-BU~a-	BU~a
o0902935	n	5(N14)-5(N14)~v1-	5(N14)
o0901946	s	ŠE-ŠE~a-	ŠE~a
o0901962	s	ŠE₃--	ŠE₃
o0902884	n	1(N04)--	1(N04)
o0903084	n	3(N36)--	3(N36)
o0903154	n	2(N46)--	2(N46)
o0900839	s	GIBIL--	GIBIL
o0902161	s	U₄--	U₄
o0900494	s	E₂-E₂~b-	E₂~b
o0900217	s	DA-DA~a-	DA~a
o0900983	s	IB-IB~a-	IB~a
o0900089	s	AN--	AN
o0901419	s	MUŠ₃-MUŠ₃~a-	MUŠ₃~a
o0901457	s	NAGAR-NAGAR~a-	NAGAR~a
o0902829	s	ZI-ZI~a-	ZI~a
o0901709	s	SANGA-SANGA~a-	SANGA~a
o0903368	s	X--	X
o0903368	s	X--	X
o0903368	s	X--	X
o0901697	s	SAL--	SAL
o0903368	s	X--	X
o0902929	n	1(N14)--	1(N14)
o0901697	s	SAL--	SAL
o0903368	s	X--	X
o0903161	n	1(N48)--	1(N48)
o0903062	n	3(N34)--	3(N34)
o0902935	n	5(N14)-5(N14)~v1-	5(N14)
o0903368	s	X--	X
o0903368	s	X--	X
o0902858	n	1(N01)--	1(N01)
o0902858	n	1(N01)--	1(N01)
o0901044	s	KAB--	KAB
o0902858	n	1(N01)--	1(N01)
o0901468	s	NAM₂--	NAM₂
o0900260	s	DI--	DI
o0902858	n	1(N01)--	1(N01)
o0901468	s	NAM₂--	NAM₂
o0901468	s	NAM₂--	NAM₂
o0902858	n	1(N01)--	1(N01)
o0901468	s	NAM₂--	NAM₂
o0902339	s	URU-URU~a1-	URU~a1
o0900948	s	GURUŠ-GURUŠ~a-	URU~a1
o0902858	n	1(N01)--	1(N01)
o0901468	s	NAM₂--	NAM₂
o0900545	s	ERIN--	ERIN
o0902858	n	1(N01)--	1(N01)
o0900728	s	GAL--	GAL
o0902060	s	ŠUBUR--	ŠUBUR
o0902858	n	1(N01)--	1(N01)
o0901468	s	NAM₂--	NAM₂
o0900099	s	APIN--	APIN
o0901075	s	KASKAL--	APIN
o0902858	n	1(N01)--	1(N01)
o0901625	s	PA-PA~a-	PA~a
o0901955	c	|ŠE.NAM₂|-|ŠE~a.NAM₂|-	|ŠE~a.NAM₂|
o0902858	n	1(N01)--	1(N01)
o0901659	s	RAD-RAD~a-	RAD~a
o0902858	n	1(N01)--	1(N01)
o0900012	s	AB-AB~a-	AB~a
o0901380	s	ME-ME~a-	ME~a
o0902858	n	1(N01)--	1(N01)
o0901495	s	NESAG₂-NESAG₂~a2-	NISAG~a3
o0902858	n	1(N01)--	1(N01)
o0900517	s	EN-EN~b-	EN~b
o0900983	s	IB-IB~a-	IB~a
o0902858	n	1(N01)--	1(N01)
o0901639	s	PAP-PAP~a-	PAP~a
o0900729	s	GAL-GAL~a-	GAL~a
o0902004	s	ŠITA-ŠITA~a1-	ŠITA~a1
o0902858	n	1(N01)--	1(N01)
o0900047	s	ABGAL--	ABGAL
o0902858	n	1(N01)--	1(N01)
o0901109	s	KINGAL--	KINGAL
o0902858	n	1(N01)--	1(N01)
o0900729	s	GAL-GAL~a-	GAL~a
o0902102	s	TE--	TE
o0902102	s	TE--	TE
o0902858	n	1(N01)--	1(N01)
o0901887	s	SUKKAL--	SUKKAL
o0900729	s	GAL-GAL~a-	GAL~a
o0902858	n	1(N01)--	1(N01)
o0900724	s	GADA-GADA~a-	GADA~a
o0900729	s	GAL-GAL~a-	GAL~a
o0902858	n	1(N01)--	1(N01)
o0900599	s	GA-GA~a-	GA~a
o0900729	s	GAL-GAL~a-	GAL~a
o0902858	n	1(N01)--	1(N01)
o0900599	s	GA-GA~a-	GA~a
o0902243	s	UDU-UDU~a-	UDU~a
o0901639	s	PAP-PAP~a-	PAP~a
o0902858	n	1(N01)--	1(N01)
o0900729	s	GAL-GAL~a-	GAL~a
o0901115	s	KISAL-KISAL~b1-	KISAL~b1
o0902858	n	1(N01)--	1(N01)
o0900729	s	GAL-GAL~a-	GAL~a
o0901516	s	NIM-NIM~a-	NIM~a
o0902858	n	1(N01)--	1(N01)
o0900729	s	GAL-GAL~a-	GAL~a
o0901861	s	SILA₄-SILA₄~b-	SILA₄~b
o0902858	n	1(N01)--	1(N01)
o0900729	s	GAL-GAL~a-	GAL~a
o0903368	s	X--	X
o0902858	n	1(N01)--	1(N01)
o0900729	s	GAL-GAL~a-	GAL~a
o0901493	s	NESAG₂-NESAG₂~a-	NESAG₂~a
o0902858	n	1(N01)--	1(N01)
o0900729	s	GAL-GAL~a-	GAL~a
o0902146	s	TUR₃-TUR₃~a-	TUR₃~a
o0902858	n	1(N01)--	1(N01)
o0900729	s	GAL-GAL~a-	GAL~a
o0902290	s	UMUN₂--	UMUN₂
o0902858	n	1(N01)--	1(N01)
o0900729	s	GAL-GAL~a-	GAL~a
o0902290	s	UMUN₂--	UMUN₂
o0902858	n	1(N01)--	1(N01)
o0900729	s	GAL-GAL~a-	GAL~a
o0902290	s	UMUN₂--	UMUN₂
o0902858	n	1(N01)--	1(N01)
o0901709	s	SANGA-SANGA~a-	SANGA~a
o0902290	s	UMUN₂--	UMUN₂
o0902858	n	1(N01)--	1(N01)
o0902290	s	UMUN₂--	UMUN₂
o0900729	s	GAL-GAL~a-	GAL~a
o0901142	s	KU₃-KU₃~a-	KU₃~a
o0902858	n	1(N01)--	1(N01)
o0900729	s	GAL-GAL~a-	GAL~a
o0900062	s	AK-AK~a-	AK~a
o0902858	n	1(N01)--	1(N01)
o0900729	s	GAL-GAL~a-	GAL~a
o0901000	s	IM-IM~a-	IM~a
o0902858	n	1(N01)--	1(N01)
o0901000	s	IM-IM~a-	IM~a
o0902139	s	TUR--	TUR
o0902858	n	1(N01)--	1(N01)
o0900729	s	GAL-GAL~a-	GAL~a
o0901910	s	ŠA--	ŠA
o0902858	n	1(N01)--	1(N01)
o0900729	s	GAL-GAL~a-	GAL~a
o0900729	s	GAL-GAL~a-	GAL~a
o0900545	s	ERIN--	ERIN
o0902858	n	1(N01)--	1(N01)
o0900729	s	GAL-GAL~a-	GAL~a
o0901639	s	PAP-PAP~a-	PAP~a
o0902858	n	1(N01)--	1(N01)
o0903234	n	3(N57)--	3(N57)
o0902667	c	|ZATU737×I|--	|ZATU737×I|
o0902858	n	1(N01)--	1(N01)
o0903234	n	3(N57)--	3(N57)
o0902680	c	|ZATU737~v3×U₄|--	|ZATU737×U₄|
o0902933	n	4(N14)--	4(N14)
o0902858	n	1(N01)--	1(N01)
o0900517	s	EN-EN~b-	EN~b
o0901115	s	KISAL-KISAL~b1-	KISAL~b1
o0900279	s	DU--	DU
o0903368	s	X--	X
o0902060	s	ŠUBUR--	ŠUBUR
o0901137	s	KU-KU~b1-	KU~b1
o0903368	s	X--	X
o0903059	n	1(N34)--	1(N34)
o0903368	s	X--	X
o0903368	s	X--	X
o0903059	n	1(N34)--	1(N34)
o0903368	s	X--	X
o0900312	s	DUB-DUB~a-	DUB~a
o0903368	s	X--	X
o0903061	n	2(N34)--	2(N34)
o0902146	s	TUR₃-TUR₃~a-	TUR₃~a
o0901697	s	SAL--	SAL
o0901709	s	SANGA-SANGA~a-	SANGA~a
o0902930	n	2(N14)--	2(N14)
o0900983	s	IB-IB~a-	IB~a
o0903059	n	1(N34)--	1(N34)
o0902929	n	1(N14)--	1(N14)
o0900115	s	BA--	BA
o0902932	n	3(N14)--	3(N14)
o0900331	s	DUG-DUG~a-	DUG~a
o0901659	s	RAD-RAD~a-	RAD~a
o0902930	n	2(N14)--	2(N14)
o0902859	n	2(N01)--	2(N01)
o0901133	s	KITI--	KITI
o0902860	n	3(N01)--	3(N01)
o0902763	s	ZATU795--	ZATU795
o0901284	s	LAM-LAM~b-	LAM~b
o0902859	n	2(N01)--	2(N01)
o0900494	s	E₂-E₂~b-	E₂~b
o0901625	s	PA-PA~a-	PA~a
o0902865	n	8(N01)--	8(N01)
o0901662	s	RAD@g-RAD~a@g-	RAD~a@g
o0902863	n	6(N01)--	6(N01)
o0900014	s	AB-AB~b-	AB~b
o0901614	s	NUNUZ-NUNUZ~a1-	NUNUZ~a1
o0902862	n	5(N01)--	5(N01)
o0901262	s	LAGAR-LAGAR~a-	LAGAR~a
o0903059	n	1(N34)--	1(N34)
o0902929	n	1(N14)--	1(N14)
o0902863	n	6(N01)--	6(N01)
o0900331	s	DUG-DUG~a-	DUG~a
o0901639	s	PAP-PAP~a-	PAP~a
o0901870	s	SU-SU~a-	SU~a
o0901659	s	RAD-RAD~a-	RAD~a
o0902858	n	1(N01)--	1(N01)
o0901313	s	MA--	MA
o0901501	s	NI-NI~a-	NI~a
o0900806	s	GI--	GI
o0902859	n	2(N01)--	2(N01)
o0901030	s	KA-KA~a-	KA~a
o0901313	s	MA--	MA
o0902859	n	2(N01)--	2(N01)
o0900229	s	DAR-DAR~b-	DAR~b
o0901304	s	LU₂--	LU₂
o0902858	n	1(N01)--	1(N01)
o0900089	s	AN--	AN
o0902060	s	ŠUBUR--	ŠUBUR
o0900976	s	HI@g-HI@g~a-	HI@g~a
o0902858	n	1(N01)--	1(N01)
o0901437	s	NA-NA~a-	NA~a
o0901426	s	MUŠEN--	MUŠEN
o0900806	s	GI--	GI
o0902859	n	2(N01)--	2(N01)
o0901670	s	RU--	RU
o0901521	s	NIMGIR--	NIMGIR
o0902860	n	3(N01)--	3(N01)
o0903368	s	X--	X
o0903368	s	X--	X
o0903368	s	X--	X
o0900014	s	AB-AB~b-	AB~b
o0902858	n	1(N01)--	1(N01)
o0901137	s	KU-KU~b1-	KU~b1
o0900089	s	AN--	AN
o0902859	n	2(N01)--	2(N01)
o0901158	s	KUR-KUR~a-	KUR~a
o0902157	s	U₂-U₂~b-	U₂~b
o0902373	s	URUDU-URUDU~a-	URUDU~a
o0902373	s	URUDU-URUDU~a-	URUDU~a
o0902860	n	3(N01)--	3(N01)
o0901137	s	KU-KU~b1-	KU~b1
o0901962	s	ŠE₃--	ŠE₃
o0902332	s	URI₃-URI₃~a-	URI₃~a
o0900983	s	IB-IB~a-	IB~a
o0902858	n	1(N01)--	1(N01)
o0901184	s	LA₂--	LA₂
o0901674	s	SA-SA~a-	SA~a
o0901131	s	KIŠIK-KIŠIK~a-	KIŠIK~a
o0903210	n	1(N57)--	1(N57)
o0900115	s	BA--	BA
o0900983	s	IB-IB~a-	IB~a
o0902332	s	URI₃-URI₃~a-	URI₃~a
o0902859	n	2(N01)--	2(N01)
o0901137	s	KU-KU~b1-	KU~b1
o0902584	s	ZATU697-ZATU697~a-	ZATU697~a
o0902859	n	2(N01)--	2(N01)
o0900235	s	DARA₃-DARA₃~a-	DARA₃~a
o0902858	n	1(N01)--	1(N01)
o0900485	s	DUR₂--	DUR₂
o0901437	s	NA-NA~a-	NA~a
o0902858	n	1(N01)--	1(N01)
o0902453	s	ZATU628-ZATU628~a-	ZATU628~a
o0901437	s	NA-NA~a-	NA~a
o0902858	n	1(N01)--	1(N01)
o0901501	s	NI-NI~a-	NI~a
o0900000	s	A--	A
o0902858	n	1(N01)--	1(N01)
o0902039	s	ŠU₂-ŠU₂~a-	ŠU₂
o0900089	s	AN--	AN
o0902861	n	4(N01)--	4(N01)
o0901771	s	SIG₇--	SIG₇
o0902858	n	1(N01)--	1(N01)
o0901437	s	NA-NA~a-	NA~a
o0901090	s	KI--	KI
o0902859	n	2(N01)--	2(N01)
o0900617	s	GA₂-GA₂~a2-	GA₂~a2
o0900485	s	DUR₂--	DUR₂
o0902859	n	2(N01)--	2(N01)
o0901906	s	SUM@t-SUM~a@t-	SUM~a@t
o0900000	s	A--	A
o0902859	n	2(N01)--	2(N01)
o0901361	s	MAR-MAR~a-	MAR~a
o0900981	s	I--	I
o0902858	n	1(N01)--	1(N01)
o0901158	s	KUR-KUR~a-	KUR~a
o0902157	s	U₂-U₂~b-	U₂~b
o0902859	n	2(N01)--	2(N01)
o0902575	s	ZATU694-ZATU694~c-	ZATU694~c
o0900154	s	BAR--	BAR
o0900920	s	GUG₂--	GUG₂
o0901313	s	MA--	MA
o0902930	n	2(N14)--	2(N14)
o0902862	n	5(N01)--	5(N01)
o0902243	s	UDU-UDU~a-	UDU~a
o0903210	n	1(N57)--	1(N57)
o0900115	s	BA--	BA
o0902929	n	1(N14)--	1(N14)
o0902858	n	1(N01)--	1(N01)
o0902234	s	UD₅-UD₅~a-	UD₅~a
o0902861	n	4(N01)--	4(N01)
o0902400	s	UTUA-UTUA~a-	UTUA~a
o0902860	n	3(N01)--	3(N01)
o0901593	s	NUN-NUN~b-	NUN~b
o0902864	n	7(N01)--	7(N01)
o0901377	s	MAŠ₂--	MAŠ₂
o0902930	n	2(N14)--	2(N14)
o0902859	n	2(N01)--	2(N01)
o0901030	s	KA-KA~a-	KA~a
o0901955	c	|ŠE.NAM₂|-|ŠE~a.NAM₂|-	|ŠE~a.NAM₂|
o0902858	n	1(N01)--	1(N01)
o0902220	s	U₈--	U₈
o0902929	n	1(N14)--	1(N14)
o0902234	s	UD₅-UD₅~a-	UD₅~a
o0902862	n	5(N01)--	5(N01)
o0901593	s	NUN-NUN~b-	NUN~b
o0902863	n	6(N01)--	6(N01)
o0901377	s	MAŠ₂--	MAŠ₂
o0902858	n	1(N01)--	1(N01)
o0902220	s	U₈--	U₈
o0902930	n	2(N14)--	2(N14)
o0902858	n	1(N01)--	1(N01)
o0902234	s	UD₅-UD₅~a-	UD₅~a
o0902861	n	4(N01)--	4(N01)
o0902400	s	UTUA-UTUA~a-	UTUA~a
o0902865	n	8(N01)--	8(N01)
o0901593	s	NUN-NUN~b-	NUN~b
o0902929	n	1(N14)--	1(N14)
o0902860	n	3(N01)--	3(N01)
o0901377	s	MAŠ₂--	MAŠ₂
o0902933	n	4(N14)--	4(N14)
o0902864	n	7(N01)--	7(N01)
o0902243	s	UDU-UDU~a-	UDU~a
o0902805	s	ZATU838--	ZATU838
o0901468	s	NAM₂--	NAM₂
o0901659	s	RAD-RAD~a-	RAD~a
o0901625	s	PA-PA~a-	PA~a
o0903368	s	X--	X
o0900983	s	IB-IB~a-	IB~a
o0902858	n	1(N01)--	1(N01)
o0902293	s	UNUG-UNUG~a-	UNUG~a
o0902102	s	TE--	TE
o0902858	n	1(N01)--	1(N01)
o0900513	s	EN-EN~a-	EN~a
o0901677	s	SAG--	SAG
o0900089	s	AN--	AN
o0902858	n	1(N01)--	1(N01)
o0900513	s	EN-EN~a-	EN~a
o0900960	s	HI--	HI
o0901659	s	RAD-RAD~a-	RAD~a
o0902858	n	1(N01)--	1(N01)
o0901910	s	ŠA--	ŠA
o0902094	s	TAK₄-TAK₄~a-	TAK₄~a
o0900000	s	A--	A
o0902858	n	1(N01)--	1(N01)
o0901910	s	ŠA--	ŠA
o0900229	s	DAR-DAR~b-	DAR~b
o0900494	s	E₂-E₂~b-	E₂~b
o0902858	n	1(N01)--	1(N01)
o0902157	s	U₂-U₂~b-	U₂~b
o0900000	s	A--	A
o0902858	n	1(N01)--	1(N01)
o0900617	s	GA₂-GA₂~a2-	GA₂~a2
o0902033	s	ŠU--	ŠU
o0902858	n	1(N01)--	1(N01)
o0900860	s	GIR₃-GIR₃~c-	GIR₃~c
o0902858	n	1(N01)--	1(N01)
o0900513	s	EN-EN~a-	EN~a
o0901090	s	KI--	KI
o0902858	n	1(N01)--	1(N01)
o0901407	s	MUN-MUN~a1-	MUN~a1
o0900064	s	AL--	AL
o0902102	s	TE--	TE
o0900000	s	A--	A
o0902858	n	1(N01)--	1(N01)
o0900513	s	EN-EN~a-	EN~a
o0901946	s	ŠE-ŠE~a-	ŠE~a
o0901677	s	SAG--	SAG
o0902858	n	1(N01)--	1(N01)
o0901098	s	KID-KID~b-	KID~b
o0901186	s	LAGAB-LAGAB~a-	LAGAB~a
o0902858	n	1(N01)--	1(N01)
o0900513	s	EN-EN~a-	EN~a
o0901648	s	PIRIG-PIRIG~b1-	PIRIG~b1
o0902858	n	1(N01)--	1(N01)
o0901184	s	LA₂--	LA₂
o0901879	s	SUG₅--	SUG₅
o0902858	n	1(N01)--	1(N01)
o0900175	s	BU-BU~a-	BU~a
o0901639	s	PAP-PAP~a-	PAP~a
o0900175	s	BU-BU~a-	BU~a
o0902858	n	1(N01)--	1(N01)
o0902033	s	ŠU--	ŠU
o0902033	s	ŠU--	ŠU
o0902858	n	1(N01)--	1(N01)
o0900513	s	EN-EN~a-	EN~a
o0900983	s	IB-IB~a-	IB~a
o0902858	n	1(N01)--	1(N01)
o0901724	s	SI--	SI
o0903264	n	5(N57)--	5(N57)
o0902858	n	1(N01)--	1(N01)
o0902146	s	TUR₃-TUR₃~a-	TUR₃~a
o0902739	s	ZATU773-ZATU773~a-	ZATU773~a
o0901724	s	SI--	SI
o0902929	n	1(N14)--	1(N14)
o0902865	n	8(N01)--	8(N01)
o0900115	s	BA--	BA
o0901407	s	MUN-MUN~a1-	MUN~a1
o0903222	n	2(N57)--	2(N57)
o0901870	s	SU-SU~a-	SU~a
o0901639	s	PAP-PAP~a-	PAP~a
o0901670	s	RU--	RU
o0901090	s	KI--	KI
o0901060	s	KAL-KAL~b2-	KAL~b2
o0900513	s	EN-EN~a-	EN~a
o0901376	s	MAŠ--	MAŠ
o0900175	s	BU-BU~a-	BU~a
o0902933	n	4(N14)--	4(N14)
o0902234	s	UD₅-UD₅~a-	UD₅~a
o0901000	s	IM-IM~a-	IM~a
o0902930	n	2(N14)--	2(N14)
o0902234	s	UD₅-UD₅~a-	UD₅~a
o0901000	s	IM-IM~a-	IM~a
o0902139	s	TUR--	TUR
o0900494	s	E₂-E₂~b-	E₂~b
o0902929	n	1(N14)--	1(N14)
o0901000	s	IM-IM~a-	IM~a
o0900513	s	EN-EN~a-	EN~a
o0901592	s	NUN-NUN~a-	NUN~a
o0903368	s	X--	X
o0902938	n	7(N14)--	7(N14)
o0903368	s	X--	X
o0901000	s	IM-IM~a-	IM~a
o0901625	s	PA-PA~a-	PA~a
o0902523	s	ZATU669--	ZATU669
o0900983	s	IB-IB~a-	IB~a
o0903368	s	X--	X
o0901000	s	IM-IM~a-	IM~a
o0903368	s	X--	X
o0902858	n	1(N01)--	1(N01)
o0901697	s	SAL--	SAL
o0903368	s	X--	X
o0903368	s	X--	X
o0903368	s	X--	X
o0902858	n	1(N01)--	1(N01)
o0902139	s	TUR--	TUR
o0901115	s	KISAL-KISAL~b1-	KISAL~b1
o0903368	s	X--	X
o0902858	n	1(N01)--	1(N01)
o0901075	s	KASKAL--	KASKAL
o0900100	s	APIN-APIN~a-	APIN~a
o0901516	s	NIM-NIM~a-	NIM~a
o0903368	s	X--	X
o0902861	n	4(N01)--	4(N01)
o0903368	s	X--	X
o0900541	s	ERIM-ERIM~a-	ERIM~a
o0902858	n	1(N01)--	1(N01)
o0903368	s	X--	X
o0902858	n	1(N01)--	1(N01)
o0902859	n	2(N01)--	2(N01)
o0902859	n	2(N01)--	2(N01)
o0903368	s	X--	X
o0903368	s	X--	X
o0903368	s	X--	X
o0902930	n	2(N14)--	2(N14)
o0902865	n	8(N01)--	8(N01)
o0901483	s	NE-NE~a-	NE~a
o0901145	s	KU₆-KU₆~a-	KU₆~a
o0902930	n	2(N14)--	2(N14)
o0902861	n	4(N01)--	4(N01)
o0901145	s	KU₆-KU₆~a-	KU₆~a
o0901639	s	PAP-PAP~a-	PAP~a
o0901870	s	SU-SU~a-	SU~a
o0902932	n	3(N14)--	3(N14)
o0902865	n	8(N01)--	8(N01)
o0902930	n	2(N14)--	2(N14)
o0902859	n	2(N01)--	2(N01)
o0901659	s	RAD-RAD~a-	RAD~a
o0902858	n	1(N01)--	1(N01)
o0900727	s	GADA@g-GADA~b@g-	GADA~b@g
o0902858	n	1(N01)--	1(N01)
o0903368	s	X--	X
o0901757	s	SIG₂-SIG₂~b-	SIG₂~b
o0901757	s	SIG₂-SIG₂~b-	SIG₂~b
o0903368	s	X--	X
o0901426	s	MUŠEN--	MUŠEN
o0902506	s	ZATU659--	ZATU659
o0900000	s	A--	A
o0902022	c	|ŠITA×ŠU₂|-|ŠITA~a1×ŠU₂~b|-	|ŠITA~a1×ŠU₂|
o0902859	n	2(N01)--	2(N01)
o0902161	s	U₄--	U₄
o0902859	n	2(N01)--	2(N01)
o0900100	s	APIN-APIN~a-	APIN~a
o0902866	n	9(N01)--	9(N01)
o0901437	s	NA-NA~a-	NA~a
o0900089	s	AN--	AN
o0900260	s	DI--	DI
o0900089	s	AN--	AN
o0902860	n	3(N01)--	3(N01)
o0901174	s	KUŠU₂-KUŠU₂~c-	KUŠU₂~c
o0902858	n	1(N01)--	1(N01)
o0901648	s	PIRIG-PIRIG~b1-	PIRIG~b1
o0900541	s	ERIM-ERIM~a-	ERIM~a
o0902860	n	3(N01)--	3(N01)
o0901718	s	SAR-SAR~a-	SAR~a
o0901723	c	|SAR×ŠE|-|SAR~a×ŠE~a|-	|SAR~a×ŠE~a|
o0902858	n	1(N01)--	1(N01)
o0901677	s	SAG--	SAG
o0902858	n	1(N01)--	1(N01)
o0900217	s	DA-DA~a-	DA~a
o0902605	s	ZATU710--	ZATU710
o0902332	s	URI₃-URI₃~a-	URI₃~a
o0900983	s	IB-IB~a-	IB~a
o0902863	n	6(N01)--	6(N01)
o0902220	s	U₈--	U₈
o0902933	n	4(N14)--	4(N14)
o0902863	n	6(N01)--	6(N01)
o0902234	s	UD₅-UD₅~a-	UD₅~a
o0902861	n	4(N01)--	4(N01)
o0902860	n	3(N01)--	3(N01)
o0901000	s	IM-IM~a-	IM~a
o0903368	s	X--	X
o0901677	s	SAG--	SAG
o0901659	s	RAD-RAD~a-	RAD~a
o0900217	s	DA-DA~a-	DA~a
o0902859	n	2(N01)--	2(N01)
o0901746	s	SIG--	SIG
o0901659	s	RAD-RAD~a-	RAD~a
o0900031	c	|AB×ŠA₃|-|AB~b×ŠA₃~a1|-	|AB~b×ŠA₃~a1|
o0902859	n	2(N01)--	2(N01)
o0902929	n	1(N14)--	1(N14)
o0902858	n	1(N01)--	1(N01)
o0902858	n	1(N01)--	1(N01)
o0902929	n	1(N14)--	1(N14)
o0900778	s	GAN₂--	GAN₂
o0902443	s	ZATU624-ZATU624~b-	ZATU624~b
o0900806	s	GI--	GI
o0901946	s	ŠE-ŠE~a-	ŠE~a
o0901589	s	NUMUN--	NUMUN
o0901517	s	NIM-NIM~b1-	NIM~b1
o0901639	s	PAP-PAP~a-	PAP~a
o0900331	s	DUG-DUG~a-	DUG~a
o0901879	s	SUG₅--	SUG₅
o0901677	s	SAG--	SAG
o0902227	s	UB--	UB
o0900806	s	GI--	GI
o0902860	n	3(N01)--	3(N01)
o0902161	s	U₄--	U₄
o0900779	s	GAR--	GAR
o0902929	n	1(N14)--	1(N14)
o0903257	n	4(N57)--	4(N57)
o0900779	s	GAR--	GAR
o0902862	n	5(N01)--	5(N01)
o0901483	s	NE-NE~a-	NE~a
o0901145	s	KU₆-KU₆~a-	KU₆~a
o0901775	s	SILA₃-SILA₃~a-	SILA₃~a
o0902858	n	1(N01)--	1(N01)
o0900094	s	ANŠE-ANŠE~b-	ANŠE~b
o0902243	s	UDU-UDU~a-	UDU~a
o0902858	n	1(N01)--	1(N01)
o0902309	s	UR₂--	UR₂
o0901775	s	SILA₃-SILA₃~a-	SILA₃~a
o0902930	n	2(N14)--	2(N14)
o0902864	n	7(N01)--	7(N01)
o0903368	s	X--	X
o0902004	s	ŠITA-ŠITA~a1-	ŠITA~a1
o0902929	n	1(N14)--	1(N14)
o0902862	n	5(N01)--	5(N01)
o0902032	c	|ŠITA@g×1(N06)|-|ŠITA~b3@g×1(N06)|-	|ŠITA@g~a×1(N06)|
o0902929	n	1(N14)--	1(N14)
o0902004	s	ŠITA-ŠITA~a1-	ŠITA~a1
o0902243	s	UDU-UDU~a-	UDU~a
o0902859	n	2(N01)--	2(N01)
o0902617	c	|ZATU714×X|--	|ZATU714×X|
o0902862	n	5(N01)--	5(N01)
o0901145	s	KU₆-KU₆~a-	KU₆~a
o0901775	s	SILA₃-SILA₃~a-	SILA₃~a
o0902858	n	1(N01)--	1(N01)
o0900310	s	DU₈@g-DU₈~c@g~v1-	DU₈@g~c
o0902859	n	2(N01)--	2(N01)
o0901914	c	|ŠA×HI@g|-|(ŠA×HI@g~a)~a|-	|(ŠA×HI@g~a)~a|
o0901392	s	MU--	MU
o0900115	s	BA--	BA
o0902860	n	3(N01)--	3(N01)
o0903023	n	1(N26)--	1(N26)
o0903120	n	1(N42)-1(N42~a)-	1(N42~a)
o0902859	n	2(N01)--	2(N01)
o0900296	s	DU₈-DU₈~c-	DU₈~c
o0902859	n	2(N01)--	2(N01)
o0902631	s	ZATU726-ZATU726~d-	ZATU726~d
o0902859	n	2(N01)--	2(N01)
o0901751	s	SIG₂-SIG₂~a1-	SIG₂~a1
o0903022	n	1(N25)--	1(N25)
o0903340	n	1(N28)-1(N28C)-	1(N28~c)
o0902862	n	5(N01)--	5(N01)
o0902813	s	ZATU845--	ZATU845
o0903053	n	1(N30C)--	1(N30~c)
o0902929	n	1(N14)--	1(N14)
o0903257	n	4(N57)--	4(N57)
o0900779	s	GAR--	GAR
o0903120	n	1(N42)-1(N42~a)-	1(N42~a)
o0902862	n	5(N01)--	5(N01)
o0901916	s	ŠA@g--	ŠA@g
o0903340	n	1(N28)-1(N28C)-	1(N28~c)
o0902862	n	5(N01)--	5(N01)
o0901914	c	|ŠA×HI@g|-|(ŠA×HI@g~a)~a|-	|(ŠA×HI@g~a)~a|
o0903340	n	1(N28)-1(N28C)-	1(N28~c)
o0902862	n	5(N01)--	5(N01)
o0900309	s	DU₈@g-DU₈~c@g-	DU₈~c@g
o0903340	n	1(N28)-1(N28C)-	1(N28~c)
o0902862	n	5(N01)--	5(N01)
o0901677	s	SAG--	SAG
o0902116	s	TUG₂-TUG₂~a-	TUG₂~a
o0903022	n	1(N25)--	1(N25)
o0903097	n	1(N39)-1(N39~a)-	1(N39~a)
o0903210	n	1(N57)--	1(N57)
o0903097	n	1(N39)-1(N39~a)-	1(N39~a)
o0903016	n	1(N24)--	1(N24)
o0903023	n	1(N26)--	1(N26)
o0901946	s	ŠE-ŠE~a-	ŠE~a
o0902859	n	2(N01)--	2(N01)
o0901881	s	SUHUR--	SUHUR
o0900115	s	BA--	BA
o0902860	n	3(N01)--	3(N01)
o0903257	n	4(N57)--	4(N57)
o0901881	s	SUHUR--	SUHUR
o0902909	n	1(N08)--	1(N08)
o0903210	n	1(N57)--	1(N57)
o0902909	n	1(N08)--	1(N08)
o0901392	s	MU--	MU
o0901986	s	ŠEŠ-ŠEŠ~a-	ŠEŠ~a
o0901325	s	MAH-MAH~a-	MAH~a
o0900846	s	GIR-GIR~b-	GIR~b
o0902859	n	2(N01)--	2(N01)
o0901986	s	ŠEŠ-ŠEŠ~a-	ŠEŠ~a
o0902613	s	ZATU714--	ZATU714
o0902714	c	|ZATU759×KU₆|-|ZATU759×KU₆~a|-	|ZATU759×KU₆~a|
o0902914	n	3(N08)--	3(N08)
o0901986	s	ŠEŠ-ŠEŠ~a-	ŠEŠ~a
o0901325	s	MAH-MAH~a-	MAH~a
o0901881	s	SUHUR--	SUHUR
o0901145	s	KU₆-KU₆~a-	KU₆~a
o0902930	n	2(N14)--	2(N14)
o0900014	s	AB-AB~b-	AB~b
o0901153	c	|KU₆+KU₆|-|KU₆~a+KU₆~a|-	|KU₆~a+KU₆~a|
o0902869	n	1(N02)--	1(N02)
o0902858	n	1(N01)--	1(N01)
o0902814	s	ZATU846--	ZATU846
o0902869	n	1(N02)--	1(N02)
o0902859	n	2(N01)--	2(N01)
o0901091	s	KI@n--	KI@n
o0902411	s	UZ-UZ~a-	UZ~a
o0902858	n	1(N01)--	1(N01)
o0902243	s	UDU-UDU~a-	UDU~a
o0901357	c	|MAH×X|-|MAH~a×X|-	|MAH~a×X|
o0902909	n	1(N08)--	1(N08)
o0900014	s	AB-AB~b-	AB~b
o0900846	s	GIR-GIR~b-	GIR~b
o0902916	n	4(N08)--	4(N08)
o0901891	c	|SUKUD+SUKUD|-|(SUKUD+SUKUD)~b|-	|(SUKUD+SUKUD)~b|
o0903368	s	X--	X
o0903097	n	1(N39)-1(N39~a)-	1(N39~a)
o0903016	n	1(N24)--	1(N24)
o0902613	s	ZATU714--	ZATU714
o0903016	n	1(N24)--	1(N24)
o0902613	s	ZATU714--	ZATU714
o0903097	n	1(N39)-1(N39~a)-	1(N39~a)
o0900976	s	HI@g-HI@g~a-	HI@g~a
o0901392	s	MU--	MU
o0902929	n	1(N14)--	1(N14)
o0902865	n	8(N01)--	8(N01)
o0903368	s	X--	X
o0902865	n	8(N01)--	8(N01)
o0901884	s	SUHUR@n--	SUHUR@n
o0902929	n	1(N14)--	1(N14)
o0901881	s	SUHUR--	SUHUR
o0902859	n	2(N01)--	2(N01)
o0900707	c	|GA₂×U₄|-|GA₂~a1×U₄|-	|GA₂~a1×U₄|
o0902930	n	2(N14)--	2(N14)
o0901893	c	|SUKUD+SUKUD|-|(SUKUD+SUKUD)~d|-	|(SUKUD+SUKUD)~d|
o0902861	n	4(N01)--	4(N01)
o0900047	s	ABGAL--	ABGAL
o0902422	s	ZAG-ZAG~a-	ZAG~a
o0902930	n	2(N14)--	2(N14)
o0903210	n	1(N57)--	1(N57)
o0902422	s	ZAG-ZAG~a-	ZAG~a
o0900487	s	E-E~a-	E~a
o0901090	s	KI--	KI
o0902863	n	6(N01)--	6(N01)
o0901881	s	SUHUR--	SUHUR
o0902860	n	3(N01)--	3(N01)
o0901881	s	SUHUR--	SUHUR
o0903368	s	X--	X
o0902859	n	2(N01)--	2(N01)
o0900707	c	|GA₂×U₄|-|GA₂~a1×U₄|-	|GA₂~a1×U₄|
o0902858	n	1(N01)--	1(N01)
o0902157	s	U₂-U₂~b-	U₂~b
o0900115	s	BA--	BA
o0901724	s	SI--	SI
o0901426	s	MUŠEN--	MUŠEN
o0902862	n	5(N01)--	5(N01)
o0901884	s	SUHUR@n--	SUHUR@n
o0902930	n	2(N14)--	2(N14)
o0901881	s	SUHUR--	SUHUR
o0902863	n	6(N01)--	6(N01)
o0901380	s	ME-ME~a-	ME~a
o0901468	s	NAM₂--	NAM₂
o0901592	s	NUN-NUN~a-	NUN~a
o0902935	n	5(N14)-5(N14)~v1-	5(N14)
o0903210	n	1(N57)--	1(N57)
o0902422	s	ZAG-ZAG~a-	ZAG~a
o0903368	s	X--	X
o0901452	s	NAGA-NAGA~a-	NAGA~a
o0900599	s	GA-GA~a-	GA~a
o0901145	s	KU₆-KU₆~a-	KU₆~a
o0901115	s	KISAL-KISAL~b1-	KISAL~b1
o0902930	n	2(N14)--	2(N14)
o0902860	n	3(N01)--	3(N01)
o0901893	c	|SUKUD+SUKUD|-|(SUKUD+SUKUD)~d|-	|(SUKUD+SUKUD)~d|
o0902858	n	1(N01)--	1(N01)
o0901884	s	SUHUR@n--	SUHUR@n
o0901524	s	NIN--	NIN
o0902929	n	1(N14)--	1(N14)
o0902860	n	3(N01)--	3(N01)
o0901893	c	|SUKUD+SUKUD|-|(SUKUD+SUKUD)~d|-	|(SUKUD+SUKUD)~d|
o0900956	s	HAL--	HAL
o0902858	n	1(N01)--	1(N01)
o0900779	s	GAR--	GAR
o0900860	s	GIR₃-GIR₃~c-	GIR₃~c
o0902858	n	1(N01)--	1(N01)
o0901625	s	PA-PA~a-	PA~a
o0902422	s	ZAG-ZAG~a-	ZAG~a
o0901592	s	NUN-NUN~a-	NUN~a
o0900115	s	BA--	BA
o0902858	n	1(N01)--	1(N01)
o0901884	s	SUHUR@n--	SUHUR@n
o0902929	n	1(N14)--	1(N14)
o0903210	n	1(N57)--	1(N57)
o0902422	s	ZAG-ZAG~a-	ZAG~a
o0900279	s	DU--	DU
o0902671	c	|ZATU737~v3×SAL|--	|ZATU737×SAL|
o0902858	n	1(N01)--	1(N01)
o0902161	s	U₄--	U₄
o0902220	s	U₈--	U₈
o0901483	s	NE-NE~a-	NE~a
o0902332	s	URI₃-URI₃~a-	URI₃~a
o0903368	s	X--	X
o0900616	s	GA₂-GA₂~a1-	GA₂~a1
o0902858	n	1(N01)--	1(N01)
o0903368	s	X--	X
o0902858	n	1(N01)--	1(N01)
o0903368	s	X--	X
o0903368	s	X--	X
o0902858	n	1(N01)--	1(N01)
o0902234	s	UD₅-UD₅~a-	UD₅~a
o0903368	s	X--	X
o0900175	s	BU-BU~a-	BU~a
o0903368	s	X--	X
o0902858	n	1(N01)--	1(N01)
o0903368	s	X--	X
o0903368	s	X--	X
o0902858	n	1(N01)--	1(N01)
o0903368	s	X--	X
o0902858	n	1(N01)--	1(N01)
o0903368	s	X--	X
o0903368	s	X--	X
o0903368	s	X--	X
o0903368	s	X--	X
o0902858	n	1(N01)--	1(N01)
o0902250	s	UDUNITA-UDUNITA~a-	UDUNITA~a
o0903368	s	X--	X
o0901131	s	KIŠIK-KIŠIK~a-	KIŠIK~a
o0903368	s	X--	X
o0903368	s	X--	X
o0902858	n	1(N01)--	1(N01)
o0902220	s	U₈--	U₈
o0900513	s	EN-EN~a-	EN~a
o0903368	s	X--	X
o0903368	s	X--	X
o0902858	n	1(N01)--	1(N01)
o0902234	s	UD₅-UD₅~a-	UD₅~a
o0901393	s	MUD--	MUD
o0900175	s	BU-BU~a-	BU~a
o0903368	s	X--	X
o0903368	s	X--	X
o0902858	n	1(N01)--	1(N01)
o0902250	s	UDUNITA-UDUNITA~a-	UDUNITA~a
o0903368	s	X--	X
o0902309	s	UR₂--	UR₂
o0903368	s	X--	X
o0901090	s	KI--	KI
o0902858	n	1(N01)--	1(N01)
o0902250	s	UDUNITA-UDUNITA~a-	UDUNITA~a
o0900175	s	BU-BU~a-	BU~a
o0900806	s	GI--	GI
o0902033	s	ŠU--	ŠU
o0900493	s	E₂-E₂~a-	E₂~a
o0903368	s	X--	X
o0901380	s	ME-ME~a-	ME~a
o0902858	n	1(N01)--	1(N01)
o0902234	s	UD₅-UD₅~a-	UD₅~a
o0901393	s	MUD--	MUD
o0903368	s	X--	X
o0903368	s	X--	X
o0903368	s	X--	X
o0903368	s	X--	X
o0902858	n	1(N01)--	1(N01)
o0902250	s	UDUNITA-UDUNITA~a-	UDUNITA~a
o0902033	s	ŠU--	ŠU
o0903368	s	X--	X
o0901380	s	ME-ME~a-	ME~a
o0902858	n	1(N01)--	1(N01)
o0903368	s	X--	X
o0903368	s	X--	X
o0903368	s	X--	X
o0902858	n	1(N01)--	1(N01)
o0903368	s	X--	X
o0900513	s	EN-EN~a-	EN~a
o0903368	s	X--	X
o0902858	n	1(N01)--	1(N01)
o0902250	s	UDUNITA-UDUNITA~a-	UDUNITA~a
o0903368	s	X--	X
o0900175	s	BU-BU~a-	BU~a
o0901361	s	MAR-MAR~a-	MAR~a
o0903368	s	X--	X
o0902858	n	1(N01)--	1(N01)
o0901697	s	SAL--	SAL
o0901483	s	NE-NE~a-	NE~a
o0903368	s	X--	X
o0903368	s	X--	X
o0903368	s	X--	X
o0902858	n	1(N01)--	1(N01)
o0900836	s	GI₆--	GI₆
o0900548	s	EŠGAR--	EŠGAR
o0902139	s	TUR--	TUR
o0902103	s	TI--	TI
o0903368	s	X--	X
o0902858	n	1(N01)--	1(N01)
o0901111	s	KIR₁₁--	KIR₁₁
o0901075	s	KASKAL--	KASKAL
o0903368	s	X--	X
o0902858	n	1(N01)--	1(N01)
o0903368	s	X--	X
o0902858	n	1(N01)--	1(N01)
o0900836	s	GI₆--	GI₆
o0900548	s	EŠGAR--	EŠGAR
o0901075	s	KASKAL--	KASKAL
o0903368	s	X--	X
o0903368	s	X--	X
o0902858	n	1(N01)--	1(N01)
o0901111	s	KIR₁₁--	KIR₁₁
o0903368	s	X--	X
o0901419	s	MUŠ₃-MUŠ₃~a-	MUŠ₃~a
o0900956	s	HAL--	HAL
o0902858	n	1(N01)--	1(N01)
o0901111	s	KIR₁₁--	KIR₁₁
o0903234	n	3(N57)--	3(N57)
o0900000	s	A--	A
o0902102	s	TE--	TE
o0900000	s	A--	A
o0901142	s	KU₃-KU₃~a-	KU₃~a
o0902858	n	1(N01)--	1(N01)
o0901483	s	NE-NE~a-	NE~a
o0902250	s	UDUNITA-UDUNITA~a-	UDUNITA~a
o0901521	s	NIMGIR--	NIMGIR
o0902858	n	1(N01)--	1(N01)
o0903368	s	X--	X
o0900513	s	EN-EN~a-	EN~a
o0901724	s	SI--	SI
o0901090	s	KI--	KI
o0902858	n	1(N01)--	1(N01)
o0902161	s	U₄--	U₄
o0902250	s	UDUNITA-UDUNITA~a-	UDUNITA~a
o0900513	s	EN-EN~a-	EN~a
o0900513	s	EN-EN~a-	EN~a
o0900175	s	BU-BU~a-	BU~a
o0903368	s	X--	X
o0902858	n	1(N01)--	1(N01)
o0902161	s	U₄--	U₄
o0900906	s	GU--	GU
o0902220	s	U₈--	U₈
o0900806	s	GI--	GI
o0900729	s	GAL-GAL~a-	GAL~a
o0902697	s	ZATU751-ZATU751~a-	ZATU751~a
o0902858	n	1(N01)--	1(N01)
o0901111	s	KIR₁₁--	KIR₁₁
o0900960	s	HI--	HI
o0902157	s	U₂-U₂~b-	U₂~b
o0903368	s	X--	X
o0901639	s	PAP-PAP~a-	PAP~a
o0902858	n	1(N01)--	1(N01)
o0902161	s	U₄--	U₄
o0901865	s	SILANITA--	SILANITA
o0902033	s	ŠU--	ŠU
o0901709	s	SANGA-SANGA~a-	SANGA~a
o0903368	s	X--	X
o0900617	s	GA₂-GA₂~a2-	GA₂~a2
o0901187	s	LAGAB-LAGAB~b-	LAGAB~b
o0902858	n	1(N01)--	1(N01)
o0900836	s	GI₆--	GI₆
o0901865	s	SILANITA--	SILANITA
o0901639	s	PAP-PAP~a-	PAP~a
o0900617	s	GA₂-GA₂~a2-	GA₂~a2
o0901187	s	LAGAB-LAGAB~b-	LAGAB~b
o0902858	n	1(N01)--	1(N01)
o0901862	s	SILA₄-SILA₄~c-	SILA₄~c
o0900269	s	DIM-DIM~a-	DIM~a
o0901241	c	|LAGAB×SUH₃|-|LAGAB~b×SUH₃|-	|LAGAB~b×SUH₃|
o0901380	s	ME-ME~a-	ME~a
o0902858	n	1(N01)--	1(N01)
o0900249	s	DARA₄-DARA₄~a1-	DARA₄~a1
o0902234	s	UD₅-UD₅~a-	UD₅~a
o0903368	s	X--	X
o0903368	s	X--	X
o0901670	s	RU--	RU
o0902243	s	UDU-UDU~a-	UDU~a
o0901962	s	ŠE₃--	ŠE₃
o0902858	n	1(N01)--	1(N01)
o0901111	s	KIR₁₁--	KIR₁₁
o0901483	s	NE-NE~a-	NE~a
o0903368	s	X--	X
o0903368	s	X--	X
o0900617	s	GA₂-GA₂~a2-	GA₂~a2
o0901187	s	LAGAB-LAGAB~b-	LAGAB~b
o0902858	n	1(N01)--	1(N01)
o0902909	n	1(N08)--	1(N08)
o0902220	s	U₈--	U₈
o0901137	s	KU-KU~b1-	KU~b1
o0902302	s	UR-UR~a-	UR~a
o0902869	n	1(N02)--	1(N02)
o0901862	s	SILA₄-SILA₄~c-	SILA₄~c
o0901158	s	KUR-KUR~a-	KUR~a
o0902060	s	ŠUBUR--	ŠUBUR
o0900089	s	AN--	AN
o0901419	s	MUŠ₃-MUŠ₃~a-	MUŠ₃~a
o0902858	n	1(N01)--	1(N01)
o0903368	s	X--	X
o0900548	s	EŠGAR--	EŠGAR
o0900269	s	DIM-DIM~a-	DIM~a
o0903368	s	X--	X
o0903234	n	3(N57)--	3(N57)
o0901452	s	NAGA-NAGA~a-	NAGA~a
o0902858	n	1(N01)--	1(N01)
o0901111	s	KIR₁₁--	KIR₁₁
o0903368	s	X--	X
o0903368	s	X--	X
o0902858	n	1(N01)--	1(N01)
o0900836	s	GI₆--	GI₆
o0901377	s	MAŠ₂--	MAŠ₂
o0900836	s	GI₆--	GI₆
o0903368	s	X--	X
o0902869	n	1(N02)--	1(N02)
o0901377	s	MAŠ₂--	MAŠ₂
o0900806	s	GI--	GI
o0900175	s	BU-BU~a-	BU~a
o0903368	s	X--	X
o0900729	s	GAL-GAL~a-	GAL~a
o0902858	n	1(N01)--	1(N01)
o0902161	s	U₄--	U₄
o0901865	s	SILANITA--	SILANITA
o0903368	s	X--	X
o0901517	s	NIM-NIM~b1-	NIM~b1
o0900729	s	GAL-GAL~a-	GAL~a
o0902858	n	1(N01)--	1(N01)
o0900836	s	GI₆--	GI₆
o0901377	s	MAŠ₂--	MAŠ₂
o0901517	s	NIM-NIM~b1-	NIM~b1
o0900729	s	GAL-GAL~a-	GAL~a
o0900680	c	|GA₂×NIM|-|GA₂~a1×NIM~b1|-	|GA₂~a2×NIM~b1|
o0901625	s	PA-PA~a-	PA~a
o0902858	n	1(N01)--	1(N01)
o0901865	s	SILANITA--	SILANITA
o0900493	s	E₂-E₂~a-	E₂~a
o0900513	s	EN-EN~a-	EN~a
o0900729	s	GAL-GAL~a-	GAL~a
o0901380	s	ME-ME~a-	ME~a
o0903368	s	X--	X
o0902858	n	1(N01)--	1(N01)
o0901111	s	KIR₁₁--	KIR₁₁
o0900089	s	AN--	AN
o0902033	s	ŠU--	ŠU
o0900960	s	HI--	HI
o0900617	s	GA₂-GA₂~a2-	GA₂~a2
o0901187	s	LAGAB-LAGAB~b-	LAGAB~b
o0902858	n	1(N01)--	1(N01)
o0901111	s	KIR₁₁--	KIR₁₁
o0900493	s	E₂-E₂~a-	E₂~a
o0902757	s	ZATU786--	ZATU786
o0903368	s	X--	X
o0903368	s	X--	X
o0900513	s	EN-EN~a-	EN~a
o0903368	s	X--	X
o0901517	s	NIM-NIM~b1-	NIM~b1
o0900115	s	BA--	BA
o0902933	n	4(N14)--	4(N14)
o0902863	n	6(N01)--	6(N01)
o0902243	s	UDU-UDU~a-	UDU~a
o0900513	s	EN-EN~a-	EN~a
o0901517	s	NIM-NIM~b1-	NIM~b1
o0901625	s	PA-PA~a-	PA~a
o0901090	s	KI--	KI
o0902860	n	3(N01)--	3(N01)
o0902605	s	ZATU710--	ZATU710
o0903100	n	2(N39)-2(N39~a)-	2(N39~a)
o0903016	n	1(N24)--	1(N24)
o0900012	s	AB-AB~a-	AB~a
o0901195	c	|LAGAB×BIR₃|-|LAGAB~a×BIR₃~b|-	|LAGAB~a×BIR₃~b|
o0900779	s	GAR--	GAR
o0903016	n	1(N24)--	1(N24)
o0900154	s	BAR--	BAR
o0901914	c	|ŠA×HI@g|-|(ŠA×HI@g~a)~a|-	|(ŠA×HI@g~a)~a|
o0902929	n	1(N14)--	1(N14)
o0900779	s	GAR--	GAR
o0902156	s	U₂-U₂~a-	U₂~a
o0903120	n	1(N42)-1(N42~a)-	1(N42~a)
o0901946	s	ŠE-ŠE~a-	ŠE~a
o0903100	n	2(N39)-2(N39~a)-	2(N39~a)
o0903016	n	1(N24)--	1(N24)
o0900012	s	AB-AB~a-	AB~a
o0901195	c	|LAGAB×BIR₃|-|LAGAB~a×BIR₃~b|-	|LAGAB~a×BIR₃~b|
o0900779	s	GAR--	GAR
o0903097	n	1(N39)-1(N39~a)-	1(N39~a)
o0900920	s	GUG₂--	GUG₂
o0903016	n	1(N24)--	1(N24)
o0901914	c	|ŠA×HI@g|-|(ŠA×HI@g~a)~a|-	|(ŠA×HI@g~a)~a|
o0900976	s	HI@g-HI@g~a-	HI@g~a
o0902860	n	3(N01)--	3(N01)
o0902605	s	ZATU710--	ZATU710
o0901724	s	SI--	SI
o0901380	s	ME-ME~a-	ME~a
o0902932	n	3(N14)--	3(N14)
o0900779	s	GAR--	GAR
o0901724	s	SI--	SI
o0901380	s	ME-ME~a-	ME~a
o0903126	n	3(N42)-3(N42~a)-	3(N42~a)
o0902929	n	1(N14)--	1(N14)
o0902858	n	1(N01)--	1(N01)
o0903100	n	2(N39)-2(N39~a)-	2(N39~a)
o0901946	s	ŠE-ŠE~a-	ŠE~a
o0903107	n	4(N39)-4(N39~a)-	4(N39~a)
o0900976	s	HI@g-HI@g~a-	HI@g~a
o0902929	n	1(N14)--	1(N14)
o0902859	n	2(N01)--	2(N01)
o0903097	n	1(N39)-1(N39~a)-	1(N39~a)
o0901946	s	ŠE-ŠE~a-	ŠE~a
o0900976	s	HI@g-HI@g~a-	HI@g~a
o0901145	s	KU₆-KU₆~a-	KU₆~a
o0901115	s	KISAL-KISAL~b1-	KISAL~b1
o0902861	n	4(N01)--	4(N01)
o0901962	s	ŠE₃--	ŠE₃
o0902243	s	UDU-UDU~a-	UDU~a
o0902866	n	9(N01)--	9(N01)
o0900255	s	DARA₄-DARA₄~c2-	DARA₄~c2
o0902858	n	1(N01)--	1(N01)
o0902453	s	ZATU628-ZATU628~a-	ZATU628~a
o0902930	n	2(N14)--	2(N14)
o0902861	n	4(N01)--	4(N01)
o0901377	s	MAŠ₂--	MAŠ₂
o0901376	s	MAŠ--	MAŠ
o0902929	n	1(N14)--	1(N14)
o0902858	n	1(N01)--	1(N01)
o0902206	c	|U₄×1(N57)|--	|U₄×1(N57)|
o0900154	s	BAR--	BAR
o0902862	n	5(N01)--	5(N01)
o0901862	s	SILA₄-SILA₄~c-	SILA₄~c
o0902863	n	6(N01)--	6(N01)
o0901376	s	MAŠ--	MAŠ
o0902930	n	2(N14)--	2(N14)
o0902862	n	5(N01)--	5(N01)
o0902815	s	ZATU847--	ZATU847
o0901675	s	SA-SA~c-	SA~c
o0902930	n	2(N14)--	2(N14)
o0902862	n	5(N01)--	5(N01)
o0901675	s	SA-SA~c-	SA~c
o0902309	s	UR₂--	UR₂
o0900217	s	DA-DA~a-	DA~a
o0903368	s	X--	X
o0902858	n	1(N01)--	1(N01)
o0901962	s	ŠE₃--	ŠE₃
o0902243	s	UDU-UDU~a-	UDU~a
o0902929	n	1(N14)--	1(N14)
o0902863	n	6(N01)--	6(N01)
o0902250	s	UDUNITA-UDUNITA~a-	UDUNITA~a
o0902860	n	3(N01)--	3(N01)
o0902234	s	UD₅-UD₅~a-	UD₅~a
o0902866	n	9(N01)--	9(N01)
o0902206	c	|U₄×1(N57)|--	|U₄×1(N57)|
o0900154	s	BAR--	BAR
o0902861	n	4(N01)--	4(N01)
o0901862	s	SILA₄-SILA₄~c-	SILA₄~c
o0902862	n	5(N01)--	5(N01)
o0901376	s	MAŠ--	MAŠ
o0902929	n	1(N14)--	1(N14)
o0902862	n	5(N01)--	5(N01)
o0902815	s	ZATU847--	ZATU847
o0901675	s	SA-SA~c-	SA~c
o0902929	n	1(N14)--	1(N14)
o0902862	n	5(N01)--	5(N01)
o0901675	s	SA-SA~c-	SA~c
o0902309	s	UR₂--	UR₂
o0902816	s	ZATU848--	ZATU848
o0902862	n	5(N01)--	5(N01)
o0902243	s	UDU-UDU~a-	UDU~a
o0901962	s	ŠE₃--	ŠE₃
o0902930	n	2(N14)--	2(N14)
o0902860	n	3(N01)--	3(N01)
o0901387	s	MES--	MES
o0902929	n	1(N14)--	1(N14)
o0902859	n	2(N01)--	2(N01)
o0902453	s	ZATU628-ZATU628~a-	ZATU628~a
o0902930	n	2(N14)--	2(N14)
o0902861	n	4(N01)--	4(N01)
o0902234	s	UD₅-UD₅~a-	UD₅~a
o0901377	s	MAŠ₂--	MAŠ₂
o0902930	n	2(N14)--	2(N14)
o0901376	s	MAŠ--	MAŠ
o0901187	s	LAGAB-LAGAB~b-	LAGAB~b
o0902933	n	4(N14)--	4(N14)
o0902815	s	ZATU847--	ZATU847
o0901675	s	SA-SA~c-	SA~c
o0902932	n	3(N14)--	3(N14)
o0902309	s	UR₂--	UR₂
o0903059	n	1(N34)--	1(N34)
o0902930	n	2(N14)--	2(N14)
o0902866	n	9(N01)--	9(N01)
o0901870	s	SU-SU~a-	SU~a
o0903059	n	1(N34)--	1(N34)
o0902930	n	2(N14)--	2(N14)
o0901675	s	SA-SA~c-	SA~c
o0902309	s	UR₂--	UR₂
o0902815	s	ZATU847--	ZATU847
o0901145	s	KU₆-KU₆~a-	KU₆~a
o0901115	s	KISAL-KISAL~b1-	KISAL~b1
o0900115	s	BA--	BA
o0902894	n	1(N05)--	1(N05)
o0900976	s	HI@g-HI@g~a-	HI@g~a
o0903123	n	2(N42)-2(N42~a)-	2(N42~a)
o0903022	n	1(N25)--	1(N25)
o0903368	s	X--	X
o0900976	s	HI@g-HI@g~a-	HI@g~a
o0901184	s	LA₂--	LA₂
o0901879	s	SUG₅--	SUG₅
o0903123	n	2(N42)-2(N42~a)-	2(N42~a)
o0903022	n	1(N25)--	1(N25)
o0903343	n	1(N30CC)--	1(N30C~c)
o0902616	c	|ZATU714×HI@g|-|ZATU714×HI@g~a|-	|ZATU714×HI@g~a|
o0900976	s	HI@g-HI@g~a-	HI@g~a
o0903340	n	1(N28)-1(N28C)-	1(N28~c)
o0901914	c	|ŠA×HI@g|-|(ŠA×HI@g~a)~a|-	|(ŠA×HI@g~a)~a|
o0900920	s	GUG₂--	GUG₂
o0903368	s	X--	X
o0903368	s	X--	X
o0900920	s	GUG₂--	GUG₂
o0903120	n	1(N42)-1(N42~a)-	1(N42~a)
o0900960	s	HI--	HI
o0900920	s	GUG₂--	GUG₂
o0903120	n	1(N42)-1(N42~a)-	1(N42~a)
o0900729	s	GAL-GAL~a-	GAL~a
o0901205	c	|LAGAB×KAK|-|LAGAB~a×KAK~a|-	|LAGAB~a×KAK~a|
o0900920	s	GUG₂--	GUG₂
o0903123	n	2(N42)-2(N42~a)-	2(N42~a)
o0903120	n	1(N42)-1(N42~a)-	1(N42~a)
o0901483	s	NE-NE~a-	NE~a
o0903022	n	1(N25)--	1(N25)
o0902824	s	ZATU856--	ZATU856
o0902894	n	1(N05)--	1(N05)
o0903120	n	1(N42)-1(N42~a)-	1(N42~a)
o0900920	s	GUG₂--	GUG₂
o0900960	s	HI--	HI
o0900331	s	DUG-DUG~a-	DUG~a
o0903190	n	3(N51)--	3(N51)
o0903059	n	1(N34)--	1(N34)
o0900296	s	DU₈-DU₈~c-	DU₈~c
o0903188	n	1(N51)--	1(N51)
o0902930	n	2(N14)--	2(N14)
o0902161	s	U₄--	U₄
o0900779	s	GAR--	GAR
o0903368	s	X--	X
o0902861	n	4(N01)--	4(N01)
o0900976	s	HI@g-HI@g~a-	HI@g~a
o0901553	c	|NINDA₂×KAŠ|-|NINDA₂×KAŠ~b|-	|NINDA₂×KAŠ~b|
o0902895	n	2(N05)--	2(N05)
o0903123	n	2(N42)-2(N42~a)-	2(N42~a)
o0902605	s	ZATU710--	ZATU710
o0902992	n	2(N20)--	2(N20)
o0902894	n	1(N05)--	1(N05)
o0903120	n	1(N42)-1(N42~a)-	1(N42~a)
o0901870	s	SU-SU~a-	SU~a
o0900012	s	AB-AB~a-	AB~a
o0903097	n	1(N39)-1(N39~a)-	1(N39~a)
o0902161	s	U₄--	U₄
o0902616	c	|ZATU714×HI@g|-|ZATU714×HI@g~a|-	|ZATU714×HI@g~a|
o0903059	n	1(N34)--	1(N34)
o0903368	s	X--	X
o0902863	n	6(N01)--	6(N01)
o0900287	s	DU₆-DU₆~b-	DU₆~b
o0903123	n	2(N42)-2(N42~a)-	2(N42~a)
o0903368	s	X--	X
o0902858	n	1(N01)--	1(N01)
o0902607	s	ZATU711--	ZATU711
o0900976	s	HI@g-HI@g~a-	HI@g~a
o0903368	s	X--	X
o0903104	n	3(N39)-3(N39~a)-	3(N39~a)
o0903368	s	X--	X
o0903023	n	1(N26)--	1(N26)
o0900976	s	HI@g-HI@g~a-	HI@g~a
o0900089	s	AN--	AN
o0900494	s	E₂-E₂~b-	E₂~b
o0903016	n	1(N24)--	1(N24)
o0900976	s	HI@g-HI@g~a-	HI@g~a
o0901697	s	SAL--	SAL
o0902146	s	TUR₃-TUR₃~a-	TUR₃~a
o0903016	n	1(N24)--	1(N24)
o0903368	s	X--	X
o0900513	s	EN-EN~a-	EN~a
o0900983	s	IB-IB~a-	IB~a
o0903368	s	X--	X
o0903059	n	1(N34)--	1(N34)
o0902866	n	9(N01)--	9(N01)
o0902220	s	U₈--	U₈
o0902930	n	2(N14)--	2(N14)
o0902862	n	5(N01)--	5(N01)
o0902250	s	UDUNITA-UDUNITA~a-	UDUNITA~a
o0902935	n	5(N14)-5(N14)~v1-	5(N14)
o0902400	s	UTUA-UTUA~a-	UTUA~a
o0903059	n	1(N34)--	1(N34)
o0902930	n	2(N14)--	2(N14)
o0902864	n	7(N01)--	7(N01)
o0902234	s	UD₅-UD₅~a-	UD₅~a
o0902930	n	2(N14)--	2(N14)
o0902866	n	9(N01)--	9(N01)
o0901377	s	MAŠ₂--	MAŠ₂
o0902929	n	1(N14)--	1(N14)
o0902862	n	5(N01)--	5(N01)
o0901962	s	ŠE₃--	ŠE₃
o0902220	s	U₈--	U₈
o0902864	n	7(N01)--	7(N01)
o0901962	s	ŠE₃--	ŠE₃
o0902250	s	UDUNITA-UDUNITA~a-	UDUNITA~a
o0903368	s	X--	X
o0902929	n	1(N14)--	1(N14)
o0901111	s	KIR₁₁--	KIR₁₁
o0902932	n	3(N14)--	3(N14)
o0902858	n	1(N01)--	1(N01)
o0901158	s	KUR-KUR~a-	KUR~a
o0901862	s	SILA₄-SILA₄~c-	SILA₄~c
o0902930	n	2(N14)--	2(N14)
o0901697	s	SAL--	SAL
o0901376	s	MAŠ--	MAŠ
o0902929	n	1(N14)--	1(N14)
o0902862	n	5(N01)--	5(N01)
o0901376	s	MAŠ--	MAŠ
o0901158	s	KUR-KUR~a-	KUR~a
o0902860	n	3(N01)--	3(N01)
o0901697	s	SAL--	SAL
o0901962	s	ŠE₃--	ŠE₃
o0901862	s	SILA₄-SILA₄~c-	SILA₄~c
o0902859	n	2(N01)--	2(N01)
o0901962	s	ŠE₃--	ŠE₃
o0901862	s	SILA₄-SILA₄~c-	SILA₄~c
o0902206	c	|U₄×1(N57)|--	|U₄×1(N57)|
o0900154	s	BAR--	BAR
o0902859	n	2(N01)--	2(N01)
o0903368	s	X--	X
o0903368	s	X--	X
o0902860	n	3(N01)--	3(N01)
o0901158	s	KUR-KUR~a-	KUR~a
o0903368	s	X--	X
o0903368	s	X--	X
o0903368	s	X--	X
o0903368	s	X--	X
o0903368	s	X--	X
o0903368	s	X--	X
o0901955	c	|ŠE.NAM₂|-|ŠE~a.NAM₂|-	|ŠE~a.NAM₂|
o0902243	s	UDU-UDU~a-	UDU~a
o0902861	n	4(N01)--	4(N01)
o0901946	s	ŠE-ŠE~a-	ŠE~a
o0902858	n	1(N01)--	1(N01)
o0902234	s	UD₅-UD₅~a-	UD₅~a
o0902860	n	3(N01)--	3(N01)
o0901377	s	MAŠ₂--	MAŠ₂
o0903063	n	4(N34)--	4(N34)
o0902933	n	4(N14)--	4(N14)
o0902859	n	2(N01)--	2(N01)
o0900312	s	DUB-DUB~a-	DUB~a
o0900115	s	BA--	BA
o0902243	s	UDU-UDU~a-	UDU~a
o0903061	n	2(N34)--	2(N34)
o0902930	n	2(N14)--	2(N14)
o0902861	n	4(N01)--	4(N01)
o0900255	s	DARA₄-DARA₄~c2-	DARA₄~c2
o0903059	n	1(N34)--	1(N34)
o0902935	n	5(N14)-5(N14)~v1-	5(N14)
o0902863	n	6(N01)--	6(N01)
o0901377	s	MAŠ₂--	MAŠ₂
o0902234	s	UD₅-UD₅~a-	UD₅~a
o0902930	n	2(N14)--	2(N14)
o0902859	n	2(N01)--	2(N01)
o0901962	s	ŠE₃--	ŠE₃
o0902243	s	UDU-UDU~a-	UDU~a
o0903059	n	1(N34)--	1(N34)
o0902930	n	2(N14)--	2(N14)
o0902858	n	1(N01)--	1(N01)
o0902206	c	|U₄×1(N57)|--	|U₄×1(N57)|
o0900154	s	BAR--	BAR
o0902863	n	6(N01)--	6(N01)
o0901955	c	|ŠE.NAM₂|-|ŠE~a.NAM₂|-	|ŠE~a.NAM₂|
o0900255	s	DARA₄-DARA₄~c2-	DARA₄~c2
o0902243	s	UDU-UDU~a-	UDU~a
o0900305	c	|DU₈×UDU|-|DU₈~c×UDU~a|-	|DU₈~c×UDU~a|
o0900217	s	DA-DA~a-	DA~a
o0901625	s	PA-PA~a-	PA~a
o0902930	n	2(N14)--	2(N14)
o0902862	n	5(N01)--	5(N01)
o0902220	s	U₈--	U₈
o0902930	n	2(N14)--	2(N14)
o0902862	n	5(N01)--	5(N01)
o0902250	s	UDUNITA-UDUNITA~a-	UDUNITA~a
o0902930	n	2(N14)--	2(N14)
o0902234	s	UD₅-UD₅~a-	UD₅~a
o0902859	n	2(N01)--	2(N01)
o0902206	c	|U₄×1(N57)|--	|U₄×1(N57)|
o0900154	s	BAR--	BAR
o0901111	s	KIR₁₁--	KIR₁₁
o0900154	s	BAR--	BAR
o0901158	s	KUR-KUR~a-	KUR~a
o0901862	s	SILA₄-SILA₄~c-	SILA₄~c
o0902862	n	5(N01)--	5(N01)
o0901377	s	MAŠ₂--	MAŠ₂
o0902829	s	ZI-ZI~a-	ZI~a
o0902227	s	UB--	UB
o0902444	s	ZATU624-ZATU624~c-	ZATU624~c
o0901584	s	NU--	NU
o0900217	s	DA-DA~a-	DA~a
o0902699	s	ZATU752--	ZATU752
o0900800	s	GEŠTU-GEŠTU~b-	GEŠTU~b
o0902858	n	1(N01)--	1(N01)
o0901158	s	KUR-KUR~a-	KUR~a
o0901481	s	NAR--	NAR
o0900800	s	GEŠTU-GEŠTU~b-	GEŠTU~b
o0902858	n	1(N01)--	1(N01)
o0901158	s	KUR-KUR~a-	KUR~a
o0900012	s	AB-AB~a-	AB~a
o0902028	s	ŠITA@g-ŠITA~b3@g-	ŠITA@g~a
o0900513	s	EN-EN~a-	EN~a
o0901677	s	SAG--	SAG
o0902858	n	1(N01)--	1(N01)
o0901158	s	KUR-KUR~a-	KUR~a
o0900089	s	AN--	AN
o0902227	s	UB--	UB
o0900513	s	EN-EN~a-	EN~a
o0901677	s	SAG--	SAG
o0900513	s	EN-EN~a-	EN~a
o0901639	s	PAP-PAP~a-	PAP~a
o0902858	n	1(N01)--	1(N01)
o0900089	s	AN--	AN
o0901697	s	SAL--	SAL
o0900513	s	EN-EN~a-	EN~a
o0901670	s	RU--	RU
o0900175	s	BU-BU~a-	BU~a
o0900493	s	E₂-E₂~a-	E₂~a
o0902858	n	1(N01)--	1(N01)
o0901158	s	KUR-KUR~a-	KUR~a
o0900312	s	DUB-DUB~a-	DUB~a
o0901639	s	PAP-PAP~a-	PAP~a
o0900875	s	GIŠ--	GIŠ
o0900494	s	E₂-E₂~b-	E₂~b
o0902859	n	2(N01)--	2(N01)
o0901697	s	SAL--	SAL
o0901128	s	KIŠ--	KIŠ
o0902859	n	2(N01)--	2(N01)
o0901158	s	KUR-KUR~a-	KUR~a
o0901158	s	KUR-KUR~a-	KUR~a
o0901670	s	RU--	RU
o0902858	n	1(N01)--	1(N01)
o0901697	s	SAL--	SAL
o0902858	n	1(N01)--	1(N01)
o0901158	s	KUR-KUR~a-	KUR~a
o0900541	s	ERIM-ERIM~a-	ERIM~a
o0901696	s	SAGŠU--	SAGŠU
o0902858	n	1(N01)--	1(N01)
o0901697	s	SAL--	SAL
o0902858	n	1(N01)--	1(N01)
o0901158	s	KUR-KUR~a-	KUR~a
o0902858	n	1(N01)--	1(N01)
o0901697	s	SAL--	SAL
o0902858	n	1(N01)--	1(N01)
o0901158	s	KUR-KUR~a-	KUR~a
o0900541	s	ERIM-ERIM~a-	ERIM~a
o0901426	s	MUŠEN--	MUŠEN
o0903368	s	X--	X
o0902859	n	2(N01)--	2(N01)
o0901697	s	SAL--	SAL
o0902860	n	3(N01)--	3(N01)
o0901158	s	KUR-KUR~a-	KUR~a
o0900541	s	ERIM-ERIM~a-	ERIM~a
o0903368	s	X--	X
o0902859	n	2(N01)--	2(N01)
o0901697	s	SAL--	SAL
o0902860	n	3(N01)--	3(N01)
o0901158	s	KUR-KUR~a-	KUR~a
o0900541	s	ERIM-ERIM~a-	ERIM~a
o0900089	s	AN--	AN
o0903368	s	X--	X
o0902859	n	2(N01)--	2(N01)
o0901697	s	SAL--	SAL
o0902860	n	3(N01)--	3(N01)
o0901158	s	KUR-KUR~a-	KUR~a
o0900541	s	ERIM-ERIM~a-	ERIM~a
o0903368	s	X--	X
o0902866	n	9(N01)--	9(N01)
o0901697	s	SAL--	SAL
o0902929	n	1(N14)--	1(N14)
o0902859	n	2(N01)--	2(N01)
o0901158	s	KUR-KUR~a-	KUR~a
o0902930	n	2(N14)--	2(N14)
o0902858	n	1(N01)--	1(N01)
o0903368	s	X--	X
o0903153	n	1(N46)--	1(N46)
o0902993	n	3(N20)--	3(N20)
o0902896	n	3(N05)--	3(N05)
o0903126	n	3(N42)-3(N42~a)-	3(N42~a)
o0903022	n	1(N25)--	1(N25)
o0901946	s	ŠE-ŠE~a-	ŠE~a
o0902998	n	8(N20)--	8(N20)
o0902894	n	1(N05)--	1(N05)
o0903126	n	3(N42)-3(N42~a)-	3(N42~a)
o0900976	s	HI@g-HI@g~a-	HI@g~a
o0903368	s	X--	X
o0903153	n	1(N46)--	1(N46)
o0902993	n	3(N20)--	3(N20)
o0902896	n	3(N05)--	3(N05)
o0903126	n	3(N42)-3(N42~a)-	3(N42~a)
o0903022	n	1(N25)--	1(N25)
o0901946	s	ŠE-ŠE~a-	ŠE~a
o0902998	n	8(N20)--	8(N20)
o0902894	n	1(N05)--	1(N05)
o0903126	n	3(N42)-3(N42~a)-	3(N42~a)
o0900976	s	HI@g-HI@g~a-	HI@g~a
o0903154	n	2(N46)--	2(N46)
o0902991	n	1(N20)--	1(N20)
o0902898	n	5(N05)--	5(N05)
o0903120	n	1(N42)-1(N42~a)-	1(N42~a)
o0903022	n	1(N25)--	1(N25)
o0900976	s	HI@g-HI@g~a-	HI@g~a
o0901946	s	ŠE-ŠE~a-	ŠE~a
o0900115	s	BA--	BA
o0902932	n	3(N14)--	3(N14)
o0903368	s	X--	X
o0901946	s	ŠE-ŠE~a-	ŠE~a
o0902327	s	UR₅-UR₅~a-	UR₅~a
o0902033	s	ŠU--	ŠU
o0902930	n	2(N14)--	2(N14)
o0902858	n	1(N01)--	1(N01)
o0900115	s	BA--	BA
o0902858	n	1(N01)--	1(N01)
o0903100	n	2(N39)-2(N39~a)-	2(N39~a)
o0903016	n	1(N24)--	1(N24)
o0902100	s	TAR-TAR~a-	TAR~a
o0902859	n	2(N01)--	2(N01)
o0903100	n	2(N39)-2(N39~a)-	2(N39~a)
o0903368	s	X--	X
o0902858	n	1(N01)--	1(N01)
o0903016	n	1(N24)--	1(N24)
o0900494	s	E₂-E₂~b-	E₂~b
o0902929	n	1(N14)--	1(N14)
o0902861	n	4(N01)--	4(N01)
o0900207	s	BULUG₃--	BULUG₃
o0901946	s	ŠE-ŠE~a-	ŠE~a
o0902869	n	1(N02)--	1(N02)
o0902932	n	3(N14)--	3(N14)
o0902859	n	2(N01)--	2(N01)
o0901946	s	ŠE-ŠE~a-	ŠE~a
o0900912	s	GU₇--	GU₇
o0901145	s	KU₆-KU₆~a-	KU₆~a
o0901115	s	KISAL-KISAL~b1-	KISAL~b1
o0901393	s	MUD--	MUD
o0901437	s	NA-NA~a-	NA~a
o0900175	s	BU-BU~a-	BU~a
o0902349	c	|URU×GU₄|-|URU~a1×GU₄|-	|URU~a1×GU₄|
o0902858	n	1(N01)--	1(N01)
o0902060	s	ŠUBUR--	ŠUBUR
o0903368	s	X--	X
o0901724	s	SI--	SI
o0901677	s	SAG--	SAG
o0901082	s	KAŠ-KAŠ~c-	KAŠ~c
o0902156	s	U₂-U₂~a-	U₂~a
o0900513	s	EN-EN~a-	EN~a
o0900082	s	AMAR--	AMAR
o0901709	s	SANGA-SANGA~a-	SANGA~a
o0902858	n	1(N01)--	1(N01)
o0902161	s	U₄--	U₄
o0902116	s	TUG₂-TUG₂~a-	TUG₂~a
o0900215	s	BUR₂--	BUR₂
o0903097	n	1(N39)-1(N39~a)-	1(N39~a)
o0903368	s	X--	X
o0902929	n	1(N14)--	1(N14)
o0903104	n	3(N39)-3(N39~a)-	3(N39~a)
o0902196	c	|U₄×1(N14)|--	|U₄×1(N14)|
o0901771	s	SIG₇--	SIG₇
o0901452	s	NAGA-NAGA~a-	NAGA~a
o0902859	n	2(N01)--	2(N01)
o0900089	s	AN--	AN
o0900171	s	BIR₃-BIR₃~b-	BIR₃~b
o0901614	s	NUNUZ-NUNUZ~a1-	NUNUZ~a1
o0902937	n	6(N14)-6(N14)~v1-	6(N14)
o0900581	c	|EZEN×SU|-|EZEN~a×SU~a|-	|EZEN~a×SU~a|
o0902937	n	6(N14)-6(N14)~v1-	6(N14)
o0902860	n	3(N01)--	3(N01)
o0903104	n	3(N39)-3(N39~a)-	3(N39~a)
o0903016	n	1(N24)--	1(N24)
o0903028	n	1(N28)--	1(N28)
o0902937	n	6(N14)-6(N14)~v1-	6(N14)
o0903016	n	1(N24)--	1(N24)
o0903028	n	1(N28)--	1(N28)
o0902033	s	ŠU--	ŠU
o0902327	s	UR₅-UR₅~a-	UR₅~a
o0902860	n	3(N01)--	3(N01)
o0903104	n	3(N39)-3(N39~a)-	3(N39~a)
o0903016	n	1(N24)--	1(N24)
o0902100	s	TAR-TAR~a-	TAR~a
o0901946	s	ŠE-ŠE~a-	ŠE~a
o0900912	s	GU₇--	GU₇
o0903368	s	X--	X
o0900912	s	GU₇--	GU₇
o0903134	n	1(N45)--	1(N45)
o0902938	n	7(N14)--	7(N14)
o0902861	n	4(N01)--	4(N01)
o0903097	n	1(N39)-1(N39~a)-	1(N39~a)
o0901946	s	ŠE-ŠE~a-	ŠE~a
o0903016	n	1(N24)--	1(N24)
o0903023	n	1(N26)--	1(N26)
o0903137	n	2(N45)--	2(N45)
o0902859	n	2(N01)--	2(N01)
o0902220	s	U₈--	U₈
o0902858	n	1(N01)--	1(N01)
o0902234	s	UD₅-UD₅~a-	UD₅~a
o0902865	n	8(N01)--	8(N01)
o0902401	s	UTUA-UTUA~b-	UTUA~b
o0901483	s	NE-NE~a-	NE~a
o0900279	s	DU--	DU
o0900000	s	A--	A
o0902102	s	TE--	TE
o0901128	s	KIŠ--	KIŠ
o0900279	s	DU--	DU
o0901022	s	IŠ-IŠ~b-	IŠ~b
o0902935	n	5(N14)-5(N14)~v1-	5(N14)
o0901361	s	MAR-MAR~a-	MAR~a
o0902932	n	3(N14)--	3(N14)
o0903006	n	2(N22)--	2(N22)
o0900089	s	AN--	AN
o0902039	s	ŠU₂-ŠU₂~a-	ŠU₂
o0900513	s	EN-EN~a-	EN~a
o0902929	n	1(N14)--	1(N14)
o0903005	n	1(N22)--	1(N22)
o0901677	s	SAG--	SAG
o0902584	s	ZATU697-ZATU697~a-	ZATU697~a
o0903174	n	1(N50)--	1(N50)
o0903368	s	X--	X
o0903368	s	X--	X
o0903368	s	X--	X
o0901426	s	MUŠEN--	MUŠEN
o0903368	s	X--	X
o0901998	s	ŠIR-ŠIR~a-	ŠIR~a
o0902466	s	ZATU633-ZATU633~a-	ZATU633~a
o0901670	s	RU--	RU
o0900175	s	BU-BU~a-	BU~a
o0902711	s	ZATU759--	ZATU759
o0901670	s	RU--	RU
o0903368	s	X--	X
o0900175	s	BU-BU~a-	BU~a
o0901468	s	NAM₂--	NAM₂
o0901639	s	PAP-PAP~a-	PAP~a
o0901063	s	KALAM-KALAM~b-	KALAM~b
o0900513	s	EN-EN~a-	EN~a
o0900000	s	A--	A
o0900224	s	DAH--	DAH
o0900532	c	|EN₂.E₂|-|EN₂.E₂~b|-	|EN₂.E₂~b|
o0903368	s	X--	X
o0900513	s	EN-EN~a-	EN~a
o0901483	s	NE-NE~a-	NE~a
o0903368	s	X--	X
o0901186	s	LAGAB-LAGAB~a-	LAGAB~a
o0901186	s	LAGAB-LAGAB~a-	LAGAB~a
o0903257	n	4(N57)--	4(N57)
o0900513	s	EN-EN~a-	EN~a
o0900115	s	BA--	BA
o0902102	s	TE--	TE
o0902859	n	2(N01)--	2(N01)
o0901128	s	KIŠ--	KIŠ
o0901639	s	PAP-PAP~a-	PAP~a
o0900494	s	E₂-E₂~b-	E₂~b
o0902859	n	2(N01)--	2(N01)
o0901724	s	SI--	SI
o0900513	s	EN-EN~a-	EN~a
o0901313	s	MA--	MA
o0902858	n	1(N01)--	1(N01)
o0901468	s	NAM₂--	NAM₂
o0902584	s	ZATU697-ZATU697~a-	ZATU697~a
o0902858	n	1(N01)--	1(N01)
o0901063	s	KALAM-KALAM~b-	KALAM~b
o0900960	s	HI--	HI
o0902858	n	1(N01)--	1(N01)
o0901697	s	SAL--	SAL
o0900023	c	|AB×KU₆|-|AB~b×KU₆~a|-	|AB~b×KU₆~a|
o0902858	n	1(N01)--	1(N01)
o0903368	s	X--	X
o0903368	s	X--	X
o0903368	s	X--	X
o0903368	s	X--	X
o0903368	s	X--	X
o0903368	s	X--	X
o0902858	n	1(N01)--	1(N01)
o0901946	s	ŠE-ŠE~a-	ŠE~a
o0900513	s	EN-EN~a-	EN~a
o0901677	s	SAG--	SAG
o0900100	s	APIN-APIN~a-	APIN~a
o0902858	n	1(N01)--	1(N01)
o0903368	s	X--	X
o0903368	s	X--	X
o0902858	n	1(N01)--	1(N01)
o0902157	s	U₂-U₂~b-	U₂~b
o0900513	s	EN-EN~a-	EN~a
o0900279	s	DU--	DU
o0900175	s	BU-BU~a-	BU~a
o0902858	n	1(N01)--	1(N01)
o0903368	s	X--	X
o0900806	s	GI--	GI
o0902858	n	1(N01)--	1(N01)
o0903220	c	|1(N57).ŠUBUR|--	|1(N57).ŠUBUR|
o0902858	n	1(N01)--	1(N01)
o0902157	s	U₂-U₂~b-	U₂~b
o0903368	s	X--	X
o0902858	n	1(N01)--	1(N01)
o0901955	c	|ŠE.NAM₂|-|ŠE~a.NAM₂|-	|ŠE~a.NAM₂|
o0901376	s	MAŠ--	MAŠ
o0902858	n	1(N01)--	1(N01)
o0901109	s	KINGAL--	KINGAL
o0902858	n	1(N01)--	1(N01)
o0903368	s	X--	X
o0902290	s	UMUN₂--	UMUN₂
o0901709	s	SANGA-SANGA~a-	SANGA~a
o0902858	n	1(N01)--	1(N01)
o0903368	s	X--	X
o0903368	s	X--	X
o0901639	s	PAP-PAP~a-	PAP~a
o0902858	n	1(N01)--	1(N01)
o0901483	s	NE-NE~a-	NE~a
o0900000	s	A--	A
o0903368	s	X--	X
o0902858	n	1(N01)--	1(N01)
o0902161	s	U₄--	U₄
o0901670	s	RU--	RU
o0901518	s	NIM-NIM~b2-	NIM~b2
o0902859	n	2(N01)--	2(N01)
o0901128	s	KIŠ--	KIŠ
o0902858	n	1(N01)--	1(N01)
o0903368	s	X--	X
o0901618	s	NUNUZ-NUNUZ~c-	NUNUZ~c
o0902858	n	1(N01)--	1(N01)
o0901158	s	KUR-KUR~a-	KUR~a
o0901670	s	RU--	RU
o0900513	s	EN-EN~a-	EN~a
o0900960	s	HI--	HI
o0902858	n	1(N01)--	1(N01)
o0900000	s	A--	A
o0900014	s	AB-AB~b-	AB~b
o0901038	s	KA₂-KA₂~a-	KA₂~a
o0901697	s	SAL--	SAL
o0902858	n	1(N01)--	1(N01)
o0902699	s	ZATU752--	ZATU752
o0903368	s	X--	X
o0903368	s	X--	X
o0903368	s	X--	X
o0901709	s	SANGA-SANGA~a-	SANGA~a
o0902859	n	2(N01)--	2(N01)
o0900513	s	EN-EN~a-	EN~a
o0900207	s	BULUG₃--	BULUG₃
o0902858	n	1(N01)--	1(N01)
o0901080	s	KAŠ-KAŠ~b-	KAŠ~b
o0903368	s	X--	X
o0902858	n	1(N01)--	1(N01)
o0901677	s	SAG--	SAG
o0900175	s	BU-BU~a-	BU~a
o0901592	s	NUN-NUN~a-	NUN~a
o0900041	s	AB₂--	AB₂
o0902859	n	2(N01)--	2(N01)
o0900513	s	EN-EN~a-	EN~a
o0901452	s	NAGA-NAGA~a-	NAGA~a
o0902862	n	5(N01)--	5(N01)
o0903368	s	X--	X
o0903368	s	X--	X
o0900729	s	GAL-GAL~a-	GAL~a
o0902858	n	1(N01)--	1(N01)
o0903368	s	X--	X
o0903368	s	X--	X
o0902858	n	1(N01)--	1(N01)
o0903368	s	X--	X
o0903368	s	X--	X
o0902858	n	1(N01)--	1(N01)
o0903368	s	X--	X
o0901584	s	NU--	NU
o0902858	n	1(N01)--	1(N01)
o0900175	s	BU-BU~a-	BU~a
o0902858	n	1(N01)--	1(N01)
o0903368	s	X--	X
o0902227	s	UB--	UB
o0902932	n	3(N14)--	3(N14)
o0902861	n	4(N01)--	4(N01)
o0902243	s	UDU-UDU~a-	UDU~a
o0901392	s	MU--	MU
o0902858	n	1(N01)--	1(N01)
o0901437	s	NA-NA~a-	NA~a
o0901501	s	NI-NI~a-	NI~a
o0903368	s	X--	X
o0901648	s	PIRIG-PIRIG~b1-	PIRIG~b1
o0903368	s	X--	X
o0900089	s	AN--	AN
o0902858	n	1(N01)--	1(N01)
o0903368	s	X--	X
o0903368	s	X--	X
o0902858	n	1(N01)--	1(N01)
o0903368	s	X--	X
o0900724	s	GADA-GADA~a-	GADA~a
o0902858	n	1(N01)--	1(N01)
o0902109	s	TILLA₂--	TILLA₂
o0901625	s	PA-PA~a-	PA~a
o0901131	s	KIŠIK-KIŠIK~a-	KIŠIK~a
o0902929	n	1(N14)--	1(N14)
o0903368	s	X--	X
o0902929	n	1(N14)--	1(N14)
o0902865	n	8(N01)--	8(N01)
o0900115	s	BA--	BA
o0901090	s	KI--	KI
o0902929	n	1(N14)--	1(N14)
o0902860	n	3(N01)--	3(N01)
o0900217	s	DA-DA~a-	DA~a
o0901625	s	PA-PA~a-	PA~a
o0900305	c	|DU₈×UDU|-|DU₈~c×UDU~a|-	|DU₈~c×UDU~a|
o0902859	n	2(N01)--	2(N01)
o0902220	s	U₈--	U₈
o0902858	n	1(N01)--	1(N01)
o0902861	n	4(N01)--	4(N01)
o0902250	s	UDUNITA-UDUNITA~a-	UDUNITA~a
o0902863	n	6(N01)--	6(N01)
o0901377	s	MAŠ₂--	MAŠ₂
o0902862	n	5(N01)--	5(N01)
o0900955	s	GURUŠDA--	GURUŠDA
o0902859	n	2(N01)--	2(N01)
o0902220	s	U₈--	U₈
o0902858	n	1(N01)--	1(N01)
o0901962	s	ŠE₃--	ŠE₃
o0902250	s	UDUNITA-UDUNITA~a-	UDUNITA~a
o0902859	n	2(N01)--	2(N01)
o0903368	s	X--	X
o0902933	n	4(N14)--	4(N14)
o0902865	n	8(N01)--	8(N01)
o0902243	s	UDU-UDU~a-	UDU~a
o0900955	s	GURUŠDA--	GURUŠDA
o0900154	s	BAR--	BAR
o0902161	s	U₄--	U₄
o0903280	n	1(N58)--	1(N58)
o0903368	s	X--	X
o0902858	n	1(N01)--	1(N01)
o0903368	s	X--	X
o0902859	n	2(N01)--	2(N01)
o0901625	s	PA-PA~a-	PA~a
o0900908	s	GU₄--	GU₄
o0902863	n	6(N01)--	6(N01)
o0903368	s	X--	X
o0902859	n	2(N01)--	2(N01)
o0902757	s	ZATU786--	ZATU786
o0902859	n	2(N01)--	2(N01)
o0903368	s	X--	X
o0900908	s	GU₄--	GU₄
o0902858	n	1(N01)--	1(N01)
o0903368	s	X--	X
o0902858	n	1(N01)--	1(N01)
o0900908	s	GU₄--	GU₄
o0902033	s	ŠU--	ŠU
o0902825	s	ZATU857--	ZATU857
o0903368	s	X--	X
o0900908	s	GU₄--	GU₄
o0900100	s	APIN-APIN~a-	APIN~a
o0902861	n	4(N01)--	4(N01)
o0900908	s	GU₄--	GU₄
o0900100	s	APIN-APIN~a-	APIN~a
o0902863	n	6(N01)--	6(N01)
o0900908	s	GU₄--	GU₄
o0902619	s	ZATU718--	ZATU718
o0902929	n	1(N14)--	1(N14)
o0900908	s	GU₄--	GU₄
o0902619	s	ZATU718--	ZATU718
o0900100	s	APIN-APIN~a-	APIN~a
o0902935	n	5(N14)-5(N14)~v1-	5(N14)
o0901145	s	KU₆-KU₆~a-	KU₆~a
o0901115	s	KISAL-KISAL~b1-	KISAL~b1
o0902932	n	3(N14)--	3(N14)
o0901426	s	MUŠEN--	MUŠEN
o0903368	s	X--	X
o0902932	n	3(N14)--	3(N14)
o0900860	s	GIR₃-GIR₃~c-	GIR₃~c
o0903368	s	X--	X
o0902929	n	1(N14)--	1(N14)
o0901393	s	MUD--	MUD
o0903368	s	X--	X
o0900175	s	BU-BU~a-	BU~a
o0900115	s	BA--	BA
o0900217	s	DA-DA~a-	DA~a
o0903368	s	X--	X
o0902929	n	1(N14)--	1(N14)
o0902860	n	3(N01)--	3(N01)
o0900089	s	AN--	AN
o0903368	s	X--	X
o0902859	n	2(N01)--	2(N01)
o0901589	s	NUMUN--	NUMUN
o0900513	s	EN-EN~a-	EN~a
o0901639	s	PAP-PAP~a-	PAP~a
o0900912	s	GU₇--	GU₇
o0902930	n	2(N14)--	2(N14)
o0903234	n	3(N57)--	3(N57)
o0901709	s	SANGA-SANGA~a-	SANGA~a
o0902248	c	|UDU×TAR|-|UDU~a×TAR~b|-	|(UDU~a×TAR)~b|
o0903134	n	1(N45)--	1(N45)
o0902930	n	2(N14)--	2(N14)
o0903174	n	1(N50)--	1(N50)
o0902935	n	5(N14)-5(N14)~v1-	5(N14)
o0901946	s	ŠE-ŠE~a-	ŠE~a
o0900778	s	GAN₂--	GAN₂
o0902935	n	5(N14)-5(N14)~v1-	5(N14)
o0901946	s	ŠE-ŠE~a-	ŠE~a
o0903174	n	1(N50)--	1(N50)
o0901946	s	ŠE-ŠE~a-	ŠE~a
o0902976	n	5(N19)--	5(N19)
o0903178	n	5(N50)--	5(N50)
o0902935	n	5(N14)-5(N14)~v1-	5(N14)
o0900778	s	GAN₂--	GAN₂
o0903082	n	1(N36)--	1(N36)
o0903059	n	1(N34)--	1(N34)
o0901946	s	ŠE-ŠE~a-	ŠE~a
o0903062	n	3(N34)--	3(N34)
o0902933	n	4(N14)--	4(N14)
o0900541	s	ERIM-ERIM~a-	ERIM~a
o0901452	s	NAGA-NAGA~a-	NAGA~a
o0901128	s	KIŠ--	KIŠ
o0901659	s	RAD-RAD~a-	RAD~a
o0902861	n	4(N01)--	4(N01)
o0902858	n	1(N01)--	1(N01)
o0902858	n	1(N01)--	1(N01)
o0903368	s	X--	X
o0902859	n	2(N01)--	2(N01)
o0901426	s	MUŠEN--	MUŠEN
o0902858	n	1(N01)--	1(N01)
o0902859	n	2(N01)--	2(N01)
o0900541	s	ERIM-ERIM~a-	ERIM~a
o0903368	s	X--	X
o0902929	n	1(N14)--	1(N14)
o0902862	n	5(N01)--	5(N01)
o0900541	s	ERIM-ERIM~a-	ERIM~a
o0901128	s	KIŠ--	KIŠ
o0902929	n	1(N14)--	1(N14)
o0902858	n	1(N01)--	1(N01)
o0901709	s	SANGA-SANGA~a-	SANGA~a
o0901128	s	KIŠ--	KIŠ
o0902929	n	1(N14)--	1(N14)
o0902860	n	3(N01)--	3(N01)
o0900513	s	EN-EN~a-	EN~a
o0901090	s	KI--	KI
o0902863	n	6(N01)--	6(N01)
o0900800	s	GEŠTU-GEŠTU~b-	GEŠTU~b
o0902863	n	6(N01)--	6(N01)
o0901606	c	|NUN+EN|-|NUN~a+EN~a~v2|-	|NUN~a+EN~a|
o0902865	n	8(N01)--	8(N01)
o0901044	s	KAB--	KAB
o0902929	n	1(N14)--	1(N14)
o0902859	n	2(N01)--	2(N01)
o0900729	s	GAL-GAL~a-	GAL~a
o0902860	n	3(N01)--	3(N01)
o0901955	c	|ŠE.NAM₂|-|ŠE~a.NAM₂|-	|ŠE~a.NAM₂|
o0901044	s	KAB--	KAB
o0902860	n	3(N01)--	3(N01)
o0900089	s	AN--	AN
o0902039	s	ŠU₂-ŠU₂~a-	ŠU₂
o0900513	s	EN-EN~a-	EN~a
o0902871	n	2(N02)--	2(N02)
o0902935	n	5(N14)-5(N14)~v1-	5(N14)
o0902858	n	1(N01)--	1(N01)
o0902929	n	1(N14)--	1(N14)
o0902862	n	5(N01)--	5(N01)
o0903059	n	1(N34)--	1(N34)
o0902863	n	6(N01)--	6(N01)
o0901128	s	KIŠ--	KIŠ
o0901090	s	KI--	KI
o0902935	n	5(N14)-5(N14)~v1-	5(N14)
o0902866	n	9(N01)--	9(N01)
o0901128	s	KIŠ--	KIŠ
o0902710	s	ZATU758--	ZATU758
o0902869	n	1(N02)--	1(N02)
o0902935	n	5(N14)-5(N14)~v1-	5(N14)
o0902861	n	4(N01)--	4(N01)
o0903368	s	X--	X
o0902873	n	4(N02)--	4(N02)
o0902866	n	9(N01)--	9(N01)
o0903368	s	X--	X
o0903061	n	2(N34)--	2(N34)
o0902859	n	2(N01)--	2(N01)
o0901128	s	KIŠ--	KIŠ
o0902874	n	5(N02)--	5(N02)
o0903062	n	3(N34)--	3(N34)
o0902933	n	4(N14)--	4(N14)
o0903210	n	1(N57)--	1(N57)
o0900100	s	APIN-APIN~a-	APIN~a
o0900599	s	GA-GA~a-	GA~a
o0901090	s	KI--	KI
o0902613	s	ZATU714--	ZATU714
o0901930	s	ŠAGAN--	ŠAGAN
o0903061	n	2(N34)--	2(N34)
o0903280	n	1(N58)--	1(N58)
o0903062	n	3(N34)--	3(N34)
o0903210	n	1(N57)--	1(N57)
o0903059	n	1(N34)--	1(N34)
o0902929	n	1(N14)--	1(N14)
o0903280	n	1(N58)--	1(N58)
o0903065	n	6(N34)--	6(N34)
o0902933	n	4(N14)--	4(N14)
o0903210	n	1(N57)--	1(N57)
o0901419	s	MUŠ₃-MUŠ₃~a-	MUŠ₃~a
o0901380	s	ME-ME~a-	ME~a
o0901918	s	ŠA₃-ŠA₃~a1-	ŠA₃~a1
o0903062	n	3(N34)--	3(N34)
o0902933	n	4(N14)--	4(N14)
o0903280	n	1(N58)--	1(N58)
o0903063	n	4(N34)--	4(N34)
o0903210	n	1(N57)--	1(N57)
o0900862	c	|GIR₃×KAR₂|-|GIR₃~c×KAR₂~b|-	|GIR₃~c×KAR₂|
o0901918	s	ŠA₃-ŠA₃~a1-	ŠA₃~a1
o0903062	n	3(N34)--	3(N34)
o0902930	n	2(N14)--	2(N14)
o0902862	n	5(N01)--	5(N01)
o0903280	n	1(N58)--	1(N58)
o0903062	n	3(N34)--	3(N34)
o0903210	n	1(N57)--	1(N57)
o0901918	s	ŠA₃-ŠA₃~a1-	ŠA₃~a1
o0900064	s	AL--	AL
o0903059	n	1(N34)--	1(N34)
o0903280	n	1(N58)--	1(N58)
o0903062	n	3(N34)--	3(N34)
o0903210	n	1(N57)--	1(N57)
o0903059	n	1(N34)--	1(N34)
o0902930	n	2(N14)--	2(N14)
o0903280	n	1(N58)--	1(N58)
o0903063	n	4(N34)--	4(N34)
o0903210	n	1(N57)--	1(N57)
o0901380	s	ME-ME~a-	ME~a
o0901918	s	ŠA₃-ŠA₃~a1-	ŠA₃~a1
o0901419	s	MUŠ₃-MUŠ₃~a-	MUŠ₃~a
o0900862	c	|GIR₃×KAR₂|-|GIR₃~c×KAR₂~b|-	|GIR₃~c×KAR₂|
o0900100	s	APIN-APIN~a-	APIN~a
o0903059	n	1(N34)--	1(N34)
o0902930	n	2(N14)--	2(N14)
o0903280	n	1(N58)--	1(N58)
o0903062	n	3(N34)--	3(N34)
o0902932	n	3(N14)--	3(N14)
o0900154	s	BAR--	BAR
o0903210	n	1(N57)--	1(N57)
o0903059	n	1(N34)--	1(N34)
o0902929	n	1(N14)--	1(N14)
o0903280	n	1(N58)--	1(N58)
o0903062	n	3(N34)--	3(N34)
o0902932	n	3(N14)--	3(N14)
o0903210	n	1(N57)--	1(N57)
o0900064	s	AL--	AL
o0901090	s	KI--	KI
o0903059	n	1(N34)--	1(N34)
o0903280	n	1(N58)--	1(N58)
o0903062	n	3(N34)--	3(N34)
o0903210	n	1(N57)--	1(N57)
o0902932	n	3(N14)--	3(N14)
o0903280	n	1(N58)--	1(N58)
o0901419	s	MUŠ₃-MUŠ₃~a-	MUŠ₃~a
o0901380	s	ME-ME~a-	ME~a
o0900778	s	GAN₂--	GAN₂
o0901918	s	ŠA₃-ŠA₃~a1-	ŠA₃~a1
o0903062	n	3(N34)--	3(N34)
o0902930	n	2(N14)--	2(N14)
o0903210	n	1(N57)--	1(N57)
o0901930	s	ŠAGAN--	ŠAGAN
o0903368	s	X--	X
o0903059	n	1(N34)--	1(N34)
o0902932	n	3(N14)--	3(N14)
o0903280	n	1(N58)--	1(N58)
o0903174	n	1(N50)--	1(N50)
o0903368	s	X--	X
o0900778	s	GAN₂--	GAN₂
o0903210	n	1(N57)--	1(N57)
o0901419	s	MUŠ₃-MUŠ₃~a-	MUŠ₃~a
o0903368	s	X--	X
o0903062	n	3(N34)--	3(N34)
o0902932	n	3(N14)--	3(N14)
o0902859	n	2(N01)--	2(N01)
o0903280	n	1(N58)--	1(N58)
o0903176	n	3(N50)--	3(N50)
o0900960	s	HI--	HI
o0900778	s	GAN₂--	GAN₂
o0902938	n	7(N14)--	7(N14)
o0903005	n	1(N22)--	1(N22)
o0900154	s	BAR--	BAR
o0903062	n	3(N34)--	3(N34)
o0903210	n	1(N57)--	1(N57)
o0903368	s	X--	X
o0903059	n	1(N34)--	1(N34)
o0902929	n	1(N14)--	1(N14)
o0903280	n	1(N58)--	1(N58)
o0902938	n	7(N14)--	7(N14)
o0900778	s	GAN₂--	GAN₂
o0903368	s	X--	X
o0902929	n	1(N14)--	1(N14)
o0901090	s	KI--	KI
o0900154	s	BAR--	BAR
o0903062	n	3(N34)--	3(N34)
o0902933	n	4(N14)--	4(N14)
o0902862	n	5(N01)--	5(N01)
o0901380	s	ME-ME~a-	ME~a
o0901419	s	MUŠ₃-MUŠ₃~a-	MUŠ₃~a
o0900862	c	|GIR₃×KAR₂|-|GIR₃~c×KAR₂~b|-	|GIR₃~c×KAR₂|
o0901918	s	ŠA₃-ŠA₃~a1-	ŠA₃~a1
o0903059	n	1(N34)--	1(N34)
o0902929	n	1(N14)--	1(N14)
o0902862	n	5(N01)--	5(N01)
o0903280	n	1(N58)--	1(N58)
o0903174	n	1(N50)--	1(N50)
o0900778	s	GAN₂--	GAN₂
o0903368	s	X--	X
o0902932	n	3(N14)--	3(N14)
o0903368	s	X--	X
o0901090	s	KI--	KI
o0900064	s	AL--	AL
o0903062	n	3(N34)--	3(N34)
o0902929	n	1(N14)--	1(N14)
o0902862	n	5(N01)--	5(N01)
o0903210	n	1(N57)--	1(N57)
o0901090	s	KI--	KI
o0900064	s	AL--	AL
o0902933	n	4(N14)--	4(N14)
o0902862	n	5(N01)--	5(N01)
o0903280	n	1(N58)--	1(N58)
o0902935	n	5(N14)-5(N14)~v1-	5(N14)
o0900778	s	GAN₂--	GAN₂
o0903368	s	X--	X
o0903368	s	X--	X
o0901419	s	MUŠ₃-MUŠ₃~a-	MUŠ₃~a
o0900778	s	GAN₂--	GAN₂
o0901380	s	ME-ME~a-	ME~a
o0901918	s	ŠA₃-ŠA₃~a1-	ŠA₃~a1
o0902860	n	3(N01)--	3(N01)
o0901128	s	KIŠ--	KIŠ
o0900264	s	DILMUN--	DILMUN
o0903222	n	2(N57)--	2(N57)
o0901697	s	SAL--	SAL
o0903210	n	1(N57)--	1(N57)
o0902207	c	|U₄×2(N57)|--	|U₄×2(N57)|
o0901284	s	LAM-LAM~b-	LAM~b
o0901158	s	KUR-KUR~a-	KUR~a
o0901670	s	RU--	RU
o0901313	s	MA--	MA
o0902575	s	ZATU694-ZATU694~c-	ZATU694~c
o0902553	s	ZATU683@t--	ZATU683@t
o0901614	s	NUNUZ-NUNUZ~a1-	NUNUZ~a1
o0902256	s	UH₃-UH₃~a-	UH₃~a
o0902860	n	3(N01)--	3(N01)
o0901128	s	KIŠ--	KIŠ
o0902817	s	ZATU849--	ZATU849
o0900000	s	A--	A
o0903222	n	2(N57)--	2(N57)
o0901697	s	SAL--	SAL
o0903210	n	1(N57)--	1(N57)
o0901697	s	SAL--	SAL
o0900093	s	ANŠE-ANŠE~a-	ANŠE~a
o0900513	s	EN-EN~a-	EN~a
o0900175	s	BU-BU~a-	BU~a
o0902243	s	UDU-UDU~a-	UDU~a
o0900089	s	AN--	AN
o0902699	s	ZATU752--	ZATU752
o0902860	n	3(N01)--	3(N01)
o0901918	s	ŠA₃-ŠA₃~a1-	ŠA₃~a1
o0902293	s	UNUG-UNUG~a-	UNUG~a
o0900175	s	BU-BU~a-	BU~a
o0900279	s	DU--	DU
o0901709	s	SANGA-SANGA~a-	SANGA~a
o0903210	n	1(N57)--	1(N57)
o0901697	s	SAL--	SAL
o0902161	s	U₄--	U₄
o0903210	n	1(N57)--	1(N57)
o0901697	s	SAL--	SAL
o0902208	c	|U₄×3(N57)|--	|U₄×3(N57)|
o0903210	n	1(N57)--	1(N57)
o0902207	c	|U₄×2(N57)|--	|U₄×2(N57)|
o0901284	s	LAM-LAM~b-	LAM~b
o0902063	s	ŠUR₂-ŠUR₂~a-	ŠUR₂~a
o0902860	n	3(N01)--	3(N01)
o0901128	s	KIŠ--	KIŠ
o0902817	s	ZATU849--	ZATU849
o0900000	s	A--	A
o0901709	s	SANGA-SANGA~a-	SANGA~a
o0903210	n	1(N57)--	1(N57)
o0901697	s	SAL--	SAL
o0903210	n	1(N57)--	1(N57)
o0902208	c	|U₄×3(N57)|--	|U₄×3(N57)|
o0901284	s	LAM-LAM~b-	LAM~b
o0903210	n	1(N57)--	1(N57)
o0902207	c	|U₄×2(N57)|--	|U₄×2(N57)|
o0901284	s	LAM-LAM~b-	LAM~b
o0900269	s	DIM-DIM~a-	DIM~a
o0902063	s	ŠUR₂-ŠUR₂~a-	ŠUR₂~a
o0902863	n	6(N01)--	6(N01)
o0901128	s	KIŠ--	KIŠ
o0902859	n	2(N01)--	2(N01)
o0901697	s	SAL--	SAL
o0900082	s	AMAR--	AMAR
o0902861	n	4(N01)--	4(N01)
o0901284	s	LAM-LAM~b-	LAM~b
o0900082	s	AMAR--	AMAR
o0902929	n	1(N14)--	1(N14)
o0902859	n	2(N01)--	2(N01)
o0901187	s	LAGAB-LAGAB~b-	LAGAB~b
o0902102	s	TE--	TE
o0901128	s	KIŠ--	KIŠ
o0900082	s	AMAR--	AMAR
o0901709	s	SANGA-SANGA~a-	SANGA~a
o0900729	s	GAL-GAL~a-	GAL~a
o0902004	s	ŠITA-ŠITA~a1-	ŠITA~a1
o0903368	s	X--	X
o0903368	s	X--	X
o0903134	n	1(N45)--	1(N45)
o0901946	s	ŠE-ŠE~a-	ŠE~a
o0902779	s	ZATU811--	ZATU811
o0900185	c	|BU×GIŠ@t|-|BU~a×GIŠ@t|-	|BU~a×GIŠ@t|
o0900513	s	EN-EN~a-	EN~a
o0902161	s	U₄--	U₄
o0901724	s	SI--	SI
o0903082	n	1(N36)--	1(N36)
o0903153	n	1(N46)--	1(N46)
o0901062	s	KALAM-KALAM~a-	KALAM~a
o0901625	s	PA-PA~a-	PA~a
o0900545	s	ERIN--	ERIN
o0901930	s	ŠAGAN--	ŠAGAN
o0901625	s	PA-PA~a-	PA~a
o0903368	s	X--	X
o0903368	s	X--	X
o0903368	s	X--	X
o0903368	s	X--	X
o0903368	s	X--	X
o0901145	s	KU₆-KU₆~a-	KU₆~a
o0900014	s	AB-AB~b-	AB~b
o0900014	s	AB-AB~b-	AB~b
o0902932	n	3(N14)--	3(N14)
o0900494	s	E₂-E₂~b-	E₂~b
o0901452	s	NAGA-NAGA~a-	NAGA~a
o0901930	s	ŠAGAN--	ŠAGAN
o0902033	s	ŠU--	ŠU
o0901380	s	ME-ME~a-	ME~a
o0901724	s	SI--	SI
o0902938	n	7(N14)--	7(N14)
o0902860	n	3(N01)--	3(N01)
o0901946	s	ŠE-ŠE~a-	ŠE~a
o0903082	n	1(N36)--	1(N36)
o0903153	n	1(N46)--	1(N46)
o0901930	s	ŠAGAN--	ŠAGAN
o0900822	c	|GI&GI|--	|GI&GI|
o0900012	s	AB-AB~a-	AB~a
o0901380	s	ME-ME~a-	ME~a
o0900806	s	GI--	GI
o0903059	n	1(N34)--	1(N34)
o0901946	s	ŠE-ŠE~a-	ŠE~a
o0900012	s	AB-AB~a-	AB~a
o0902932	n	3(N14)--	3(N14)
o0902860	n	3(N01)--	3(N01)
o0900154	s	BAR--	BAR
o0902974	n	3(N19)--	3(N19)
o0903368	s	X--	X
o0903368	s	X--	X
o0901481	s	NAR--	NAR
o0902974	n	3(N19)--	3(N19)
o0900494	s	E₂-E₂~b-	E₂~b
o0901452	s	NAGA-NAGA~a-	NAGA~a
o0901862	s	SILA₄-SILA₄~c-	SILA₄~c
o0900729	s	GAL-GAL~a-	GAL~a
o0903059	n	1(N34)--	1(N34)
o0903137	n	2(N45)--	2(N45)
o0902933	n	4(N14)--	4(N14)
o0901946	s	ŠE-ŠE~a-	ŠE~a
o0903084	n	3(N36)--	3(N36)
o0903153	n	1(N46)--	1(N46)
o0902979	n	8(N19)--	8(N19)
o0902884	n	1(N04)--	1(N04)
o0900513	s	EN-EN~a-	EN~a
o0901848	c	|SILA₃×ŠU₂|-|SILA₃~a×ŠU₂~b|-	|SILA₃~a×ŠU₂|
o0900000	s	A--	A
o0901724	s	SI--	SI
o0900839	s	GIBIL--	GIBIL
o0901481	s	NAR--	NAR
o0901452	s	NAGA-NAGA~a-	NAGA~a
o0902161	s	U₄--	U₄
o0901457	s	NAGAR-NAGAR~a-	NAGAR~a
o0902829	s	ZI-ZI~a-	ZI~a
o0901709	s	SANGA-SANGA~a-	SANGA~a
o0902933	n	4(N14)--	4(N14)
o0901946	s	ŠE-ŠE~a-	ŠE~a
o0902980	n	9(N19)--	9(N19)
o0902886	n	3(N04)--	3(N04)
o0900106	s	ARARMA₂-ARARMA₂~a-	ARARMA₂~a
o0900839	s	GIBIL--	GIBIL
o0901481	s	NAR--	NAR
o0901452	s	NAGA-NAGA~a-	NAGA~a
o0901461	s	NAGAR-NAGAR~b-	NAGAR~b
o0902829	s	ZI-ZI~a-	ZI~a
o0901709	s	SANGA-SANGA~a-	SANGA~a
o0902933	n	4(N14)--	4(N14)
o0901946	s	ŠE-ŠE~a-	ŠE~a
o0902977	n	6(N19)--	6(N19)
o0902886	n	3(N04)--	3(N04)
o0900860	s	GIR₃-GIR₃~c-	GIR₃~c
o0902974	n	3(N19)--	3(N19)
o0901639	s	PAP-PAP~a-	PAP~a
o0902161	s	U₄--	U₄
o0901962	s	ŠE₃--	ŠE₃
o0900106	s	ARARMA₂-ARARMA₂~a-	ARARMA₂~a
o0900100	s	APIN-APIN~a-	APIN~a
o0902293	s	UNUG-UNUG~a-	UNUG~a
o0902935	n	5(N14)-5(N14)~v1-	5(N14)
o0900115	s	BA--	BA
o0900778	s	GAN₂--	GAN₂
o0900226	s	DANNA--	DANNA
o0900217	s	DA-DA~a-	DA~a
o0900077	s	AMA-AMA~a-	AMA~a
o0900171	s	BIR₃-BIR₃~b-	BIR₃~b
o0900089	s	AN--	AN
o0901524	s	NIN--	NIN
o0903061	n	2(N34)--	2(N34)
o0902930	n	2(N14)--	2(N14)
o0903368	s	X--	X
o0903368	s	X--	X
o0903061	n	2(N34)--	2(N34)
o0903368	s	X--	X
o0903368	s	X--	X
o0901697	s	SAL--	SAL
o0901656	s	PU₂--	PU₂
o0900513	s	EN-EN~a-	EN~a
o0903368	s	X--	X
o0902929	n	1(N14)--	1(N14)
o0902859	n	2(N01)--	2(N01)
o0903368	s	X--	X
o0903368	s	X--	X
o0902929	n	1(N14)--	1(N14)
o0903368	s	X--	X
o0903368	s	X--	X
o0902862	n	5(N01)--	5(N01)
o0902302	s	UR-UR~a-	UR~a
o0901392	s	MU--	MU
o0902929	n	1(N14)--	1(N14)
o0902862	n	5(N01)--	5(N01)
o0903234	n	3(N57)--	3(N57)
o0900139	s	BAN-BAN~b-	BAN~b
o0902929	n	1(N14)--	1(N14)
o0902860	n	3(N01)--	3(N01)
o0900493	s	E₂-E₂~a-	E₂~a
o0903368	s	X--	X
o0903065	n	6(N34)--	6(N34)
o0902930	n	2(N14)--	2(N14)
o0902860	n	3(N01)--	3(N01)
o0900255	s	DARA₄-DARA₄~c2-	DARA₄~c2
o0900305	c	|DU₈×UDU|-|DU₈~c×UDU~a|-	|DU₈~c×UDU~a|
o0901709	s	SANGA-SANGA~a-	SANGA~a
o0901592	s	NUN-NUN~a-	NUN~a
o0900729	s	GAL-GAL~a-	GAL~a
o0902004	s	ŠITA-ŠITA~a1-	ŠITA~a1
o0902863	n	6(N01)--	6(N01)
o0900960	s	HI--	HI
o0902243	s	UDU-UDU~a-	UDU~a
o0902860	n	3(N01)--	3(N01)
o0902220	s	U₈--	U₈
o0902858	n	1(N01)--	1(N01)
o0902234	s	UD₅-UD₅~a-	UD₅~a
o0902859	n	2(N01)--	2(N01)
o0901593	s	NUN-NUN~b-	NUN~b
o0902858	n	1(N01)--	1(N01)
o0900729	s	GAL-GAL~a-	GAL~a
o0901883	s	SUHUR@g--	SUHUR@g
o0902859	n	2(N01)--	2(N01)
o0901881	s	SUHUR--	SUHUR
o0902860	n	3(N01)--	3(N01)
o0901881	s	SUHUR--	SUHUR
o0902863	n	6(N01)--	6(N01)
o0903368	s	X--	X
o0902930	n	2(N14)--	2(N14)
o0902861	n	4(N01)--	4(N01)
o0902026	s	ŠITA@g-ŠITA~a1@g-	ŠITA@g~b
o0902859	n	2(N01)--	2(N01)
o0902033	s	ŠU--	ŠU
o0901918	s	ŠA₃-ŠA₃~a1-	ŠA₃~a1
o0901775	s	SILA₃-SILA₃~a-	SILA₃~a
o0902858	n	1(N01)--	1(N01)
o0902081	c	|TA×MAŠ|-|TA~d×MAŠ|-	|TA~d×MAŠ|
o0901775	s	SILA₃-SILA₃~a-	SILA₃~a
o0903063	n	4(N34)--	4(N34)
o0902932	n	3(N14)--	3(N14)
o0901501	s	NI-NI~a-	NI~a
o0901304	s	LU₂--	LU₂
o0903368	s	X--	X
o0900513	s	EN-EN~a-	EN~a
o0903368	s	X--	X
o0902161	s	U₄--	U₄
o0903368	s	X--	X
o0902859	n	2(N01)--	2(N01)
o0903023	n	1(N26)--	1(N26)
o0902861	n	4(N01)--	4(N01)
o0900287	s	DU₆-DU₆~b-	DU₆~b
o0902861	n	4(N01)--	4(N01)
o0902161	s	U₄--	U₄
o0902861	n	4(N01)--	4(N01)
o0902631	s	ZATU726-ZATU726~d-	ZATU726~d
o0902861	n	4(N01)--	4(N01)
o0901751	s	SIG₂-SIG₂~a1-	SIG₂~a1
o0902859	n	2(N01)--	2(N01)
o0900296	s	DU₈-DU₈~c-	DU₈~c
o0902862	n	5(N01)--	5(N01)
o0900925	c	|GUG₂×ŠITA|-|GUG₂~v1×ŠITA~a1|-	|GUG₂×ŠITA~a1|
o0902862	n	5(N01)--	5(N01)
o0901245	c	|LAGAB×ŠITA|-|LAGAB~a×ŠITA~a1|-	|LAGAB~a×ŠITA~a1|
o0902859	n	2(N01)--	2(N01)
o0900920	s	GUG₂--	GUG₂
o0902862	n	5(N01)--	5(N01)
o0901910	s	ŠA--	ŠA
o0901914	c	|ŠA×HI@g|-|(ŠA×HI@g~a)~a|-	|(ŠA×HI@g~a)~a|
o0902862	n	5(N01)--	5(N01)
o0900309	s	DU₈@g-DU₈~c@g-	DU₈~c@g
o0902862	n	5(N01)--	5(N01)
o0900331	s	DUG-DUG~a-	DUG~a
o0901078	s	KAŠ-KAŠ~a-	KAŠ~a
o0903100	n	2(N39)-2(N39~a)-	2(N39~a)
o0902613	s	ZATU714--	ZATU714
o0900976	s	HI@g-HI@g~a-	HI@g~a
o0902858	n	1(N01)--	1(N01)
o0902286	s	UMBIN-UMBIN~a-	UMBIN~a
o0902858	n	1(N01)--	1(N01)
o0901336	c	|MAH×MAŠ|-|MAH~b×MAŠ|-	|MAH~b×MAŠ|
o0902858	n	1(N01)--	1(N01)
o0900391	c	|DUG×MAŠ|-|DUG~b×MAŠ|-	|DUG~b×MAŠ|
o0902859	n	2(N01)--	2(N01)
o0902243	s	UDU-UDU~a-	UDU~a
o0902613	s	ZATU714--	ZATU714
o0902932	n	3(N14)--	3(N14)
o0902859	n	2(N01)--	2(N01)
o0900779	s	GAR--	GAR
o0903284	n	2(N58)--	2(N58)
o0902895	n	2(N05)--	2(N05)
o0903022	n	1(N25)--	1(N25)
o0903097	n	1(N39)-1(N39~a)-	1(N39~a)
o0901946	s	ŠE-ŠE~a-	ŠE~a
o0902039	s	ŠU₂-ŠU₂~a-	ŠU₂
o0902862	n	5(N01)--	5(N01)
o0902243	s	UDU-UDU~a-	UDU~a
o0900089	s	AN--	AN
o0901419	s	MUŠ₃-MUŠ₃~a-	MUŠ₃~a
o0902929	n	1(N14)--	1(N14)
o0901501	s	NI-NI~a-	NI~a
o0901881	s	SUHUR--	SUHUR
o0902862	n	5(N01)--	5(N01)
o0901697	s	SAL--	SAL
o0901639	s	PAP-PAP~a-	PAP~a
o0902862	n	5(N01)--	5(N01)
o0903368	s	X--	X
o0902929	n	1(N14)--	1(N14)
o0903368	s	X--	X
o0902929	n	1(N14)--	1(N14)
o0901184	s	LA₂--	LA₂
o0901879	s	SUG₅--	SUG₅
o0902862	n	5(N01)--	5(N01)
o0903368	s	X--	X
o0902929	n	1(N14)--	1(N14)
o0901724	s	SI--	SI
o0902136	s	TUN₃-TUN₃~a-	TUN₃~a
o0902929	n	1(N14)--	1(N14)
o0901724	s	SI--	SI
o0902136	s	TUN₃-TUN₃~a-	TUN₃~a
o0902862	n	5(N01)--	5(N01)
o0902178	c	|U₄×1(N01)|--	|U₄×1(N01)|
o0903368	s	X--	X
o0902929	n	1(N14)--	1(N14)
o0903368	s	X--	X
o0902862	n	5(N01)--	5(N01)
o0903368	s	X--	X
o0902858	n	1(N01)--	1(N01)
o0901380	s	ME-ME~a-	ME~a
o0901044	s	KAB--	KAB
o0902858	n	1(N01)--	1(N01)
o0901483	s	NE-NE~a-	NE~a
o0903368	s	X--	X
o0902862	n	5(N01)--	5(N01)
o0903368	s	X--	X
o0901614	s	NUNUZ-NUNUZ~a1-	NUNUZ~a1
o0902929	n	1(N14)--	1(N14)
o0900729	s	GAL-GAL~a-	GAL~a
o0903368	s	X--	X
o0901426	s	MUŠEN--	MUŠEN
o0903368	s	X--	X
o0902929	n	1(N14)--	1(N14)
o0903368	s	X--	X
o0902128	s	TUM-TUM~a-	TUM~a
o0901393	s	MUD--	MUD
o0900000	s	A--	A
o0901881	s	SUHUR--	SUHUR
o0902860	n	3(N01)--	3(N01)
o0900694	c	|GA₂×SUKUD|-|GA₂~a1×SUKUD|-	|GA₂~a1×SUKUD|
o0902858	n	1(N01)--	1(N01)
o0902829	s	ZI-ZI~a-	ZI~a
o0902227	s	UB--	UB
o0902858	n	1(N01)--	1(N01)
o0900616	s	GA₂-GA₂~a1-	GA₂~a1
o0903234	n	3(N57)--	3(N57)
o0902649	s	ZATU737--	ZATU737
o0902862	n	5(N01)--	5(N01)
o0901614	s	NUNUZ-NUNUZ~a1-	NUNUZ~a1
o0903368	s	X--	X
o0902862	n	5(N01)--	5(N01)
o0903368	s	X--	X
o0903368	s	X--	X
o0903368	s	X--	X
o0903062	n	3(N34)--	3(N34)
o0902932	n	3(N14)--	3(N14)
o0902864	n	7(N01)--	7(N01)
o0901187	s	LAGAB-LAGAB~b-	LAGAB~b
o0900912	s	GU₇--	GU₇
o0901881	s	SUHUR--	SUHUR
o0900694	c	|GA₂×SUKUD|-|GA₂~a1×SUKUD|-	|GA₂~a1×SUKUD|
o0900912	s	GU₇--	GU₇
o0903062	n	3(N34)--	3(N34)
o0902929	n	1(N14)--	1(N14)
o0902861	n	4(N01)--	4(N01)
o0901881	s	SUHUR--	SUHUR
o0902930	n	2(N14)--	2(N14)
o0902860	n	3(N01)--	3(N01)
o0900697	c	|GA₂×((SUKUD+SUKUD))|-|GA₂~a1×((SUKUD+SUKUD)~b)|-	|GA₂~a1×(SUKUD&SUKUD)~b|
o0903174	n	1(N50)--	1(N50)
o0900729	s	GAL-GAL~a-	GAL~a
o0903175	n	2(N50)--	2(N50)
o0900729	s	GAL-GAL~a-	GAL~a
o0902560	s	ZATU687--	ZATU687
o0903174	n	1(N50)--	1(N50)
o0901380	s	ME-ME~a-	ME~a
o0902324	s	UR₄-UR₄~b-	UR₄~b
o0901098	s	KID-KID~b-	KID~b
o0902935	n	5(N14)-5(N14)~v1-	5(N14)
o0901592	s	NUN-NUN~a-	NUN~a
o0902560	s	ZATU687--	ZATU687
o0902935	n	5(N14)-5(N14)~v1-	5(N14)
o0901592	s	NUN-NUN~a-	NUN~a
o0902560	s	ZATU687--	ZATU687
o0903134	n	1(N45)--	1(N45)
o0903175	n	2(N50)--	2(N50)
o0902932	n	3(N14)--	3(N14)
o0902227	s	UB--	UB
o0901677	s	SAG--	SAG
o0902935	n	5(N14)-5(N14)~v1-	5(N14)
o0903234	n	3(N57)--	3(N57)
o0902453	s	ZATU628-ZATU628~a-	ZATU628~a
o0903175	n	2(N50)--	2(N50)
o0902935	n	5(N14)-5(N14)~v1-	5(N14)
o0902484	s	ZATU647--	ZATU647
o0900616	s	GA₂-GA₂~a1-	GA₂~a1
o0903177	n	4(N50)--	4(N50)
o0903368	s	X--	X
o0900271	s	DIM-DIM~c-	DIM~c
o0902937	n	6(N14)-6(N14)~v1-	6(N14)
o0903137	n	2(N45)--	2(N45)
o0903178	n	5(N50)--	5(N50)
o0902937	n	6(N14)-6(N14)~v1-	6(N14)
o0900728	s	GAL--	GAL
o0902406	s	UTUL-UTUL~a-	UTUL~a
o0903174	n	1(N50)--	1(N50)
o0901697	s	SAL--	SAL
o0902128	s	TUM-TUM~a-	TUM~a
o0902146	s	TUR₃-TUR₃~a-	TUR₃~a
o0903178	n	5(N50)--	5(N50)
o0902933	n	4(N14)--	4(N14)
o0900012	s	AB-AB~a-	AB~a
o0901870	s	SU-SU~a-	SU~a
o0901380	s	ME-ME~a-	ME~a
o0903174	n	1(N50)--	1(N50)
o0902940	n	9(N14)--	9(N14)
o0900012	s	AB-AB~a-	AB~a
o0900115	s	BA--	BA
o0902293	s	UNUG-UNUG~a-	UNUG~a
o0903174	n	1(N50)--	1(N50)
o0901380	s	ME-ME~a-	ME~a
o0902575	s	ZATU694-ZATU694~c-	ZATU694~c
o0900000	s	A--	A
o0903174	n	1(N50)--	1(N50)
o0902929	n	1(N14)--	1(N14)
o0900012	s	AB-AB~a-	AB~a
o0901044	s	KAB--	KAB
o0900806	s	GI--	GI
o0903174	n	1(N50)--	1(N50)
o0902935	n	5(N14)-5(N14)~v1-	5(N14)
o0903174	n	1(N50)--	1(N50)
o0903368	s	X--	X
o0903174	n	1(N50)--	1(N50)
o0900089	s	AN--	AN
o0900899	s	GIŠIMMAR-GIŠIMMAR~b1-	GIŠIMMAR~b1
o0903140	n	5(N45)--	5(N45)
o0900729	s	GAL-GAL~a-	GAL~a
o0901000	s	IM-IM~a-	IM~a
o0903177	n	4(N50)--	4(N50)
o0902935	n	5(N14)-5(N14)~v1-	5(N14)
o0902324	s	UR₄-UR₄~b-	UR₄~b
o0900100	s	APIN-APIN~a-	APIN~a
o0903174	n	1(N50)--	1(N50)
o0903134	n	1(N45)--	1(N45)
o0903176	n	3(N50)--	3(N50)
o0902930	n	2(N14)--	2(N14)
o0901697	s	SAL--	SAL
o0903368	s	X--	X
o0903368	s	X--	X
o0902932	n	3(N14)--	3(N14)
o0901697	s	SAL--	SAL
o0902697	s	ZATU751-ZATU751~a-	ZATU751~a
o0901131	s	KIŠIK-KIŠIK~a-	KIŠIK~a
o0900217	s	DA-DA~a-	DA~a
o0903177	n	4(N50)--	4(N50)
o0902932	n	3(N14)--	3(N14)
o0903368	s	X--	X
o0903137	n	2(N45)--	2(N45)
o0903174	n	1(N50)--	1(N50)
o0903304	n	1(N63)--	1(N63)
o0903177	n	4(N50)--	4(N50)
o0903142	n	7(N45)--	7(N45)
o0903175	n	2(N50)--	2(N50)
o0902935	n	5(N14)-5(N14)~v1-	5(N14)
o0900778	s	GAN₂--	GAN₂
o0900822	c	|GI&GI|--	|GI&GI|
o0902316	s	UR₃-UR₃~a3-	UR₃~a3
o0903153	n	1(N46)--	1(N46)
o0902991	n	1(N20)--	1(N20)
o0902896	n	3(N05)--	3(N05)
o0900976	s	HI@g-HI@g~a-	HI@g~a
o0902898	n	5(N05)--	5(N05)
o0903120	n	1(N42)-1(N42~a)-	1(N42~a)
o0900976	s	HI@g-HI@g~a-	HI@g~a
o0900912	s	GU₇--	GU₇
o0903153	n	1(N46)--	1(N46)
o0902896	n	3(N05)--	3(N05)
o0903129	n	4(N42)-4(N42~a)-	4(N42~a)
o0900115	s	BA--	BA
o0903153	n	1(N46)--	1(N46)
o0902992	n	2(N20)--	2(N20)
o0902897	n	4(N05)--	4(N05)
o0903126	n	3(N42)-3(N42~a)-	3(N42~a)
o0901946	s	ŠE-ŠE~a-	ŠE~a
o0902991	n	1(N20)--	1(N20)
o0902898	n	5(N05)--	5(N05)
o0903126	n	3(N42)-3(N42~a)-	3(N42~a)
o0900912	s	GU₇--	GU₇
o0901946	s	ŠE-ŠE~a-	ŠE~a
o0903153	n	1(N46)--	1(N46)
o0902898	n	5(N05)--	5(N05)
o0901946	s	ŠE-ŠE~a-	ŠE~a
o0900115	s	BA--	BA
o0903154	n	2(N46)--	2(N46)
o0902994	n	4(N20)--	4(N20)
o0902894	n	1(N05)--	1(N05)
o0903126	n	3(N42)-3(N42~a)-	3(N42~a)
o0900976	s	HI@g-HI@g~a-	HI@g~a
o0901946	s	ŠE-ŠE~a-	ŠE~a
o0902327	s	UR₅-UR₅~a-	UR₅~a
o0902033	s	ŠU--	ŠU
o0900806	s	GI--	GI
o0903059	n	1(N34)--	1(N34)
o0902859	n	2(N01)--	2(N01)
o0903097	n	1(N39)-1(N39~a)-	1(N39~a)
o0903188	n	1(N51)--	1(N51)
o0902859	n	2(N01)--	2(N01)
o0903016	n	1(N24)--	1(N24)
o0903189	n	2(N51)--	2(N51)
o0902860	n	3(N01)--	3(N01)
o0903028	n	1(N28)--	1(N28)
o0903192	n	5(N51)--	5(N51)
o0902929	n	1(N14)--	1(N14)
o0902859	n	2(N01)--	2(N01)
o0903032	n	1(N29)-1(N29~a)-	1(N29~a)
o0903202	n	1(N54)--	1(N54)
o0903192	n	5(N51)--	5(N51)
o0902929	n	1(N14)--	1(N14)
o0901557	c	|NINDA₂×1(N01)|--	|NINDA₂×1(N01)|
o0902991	n	1(N20)--	1(N20)
o0902897	n	4(N05)--	4(N05)
o0903059	n	1(N34)--	1(N34)
o0903100	n	2(N39)-2(N39~a)-	2(N39~a)
o0902994	n	4(N20)--	4(N20)
o0903193	n	6(N51)--	6(N51)
o0900296	s	DU₈-DU₈~c-	DU₈~c
o0902994	n	4(N20)--	4(N20)
o0902897	n	4(N05)--	4(N05)
o0903129	n	4(N42)-4(N42~a)-	4(N42~a)
o0903192	n	5(N51)--	5(N51)
o0903368	s	X--	X
o0900296	s	DU₈-DU₈~c-	DU₈~c
o0902992	n	2(N20)--	2(N20)
o0903126	n	3(N42)-3(N42~a)-	3(N42~a)
o0902992	n	2(N20)--	2(N20)
o0903368	s	X--	X
o0903022	n	1(N25)--	1(N25)
o0902992	n	2(N20)--	2(N20)
o0902897	n	4(N05)--	4(N05)
o0902995	n	5(N20)--	5(N20)
o0903123	n	2(N42)-2(N42~a)-	2(N42~a)
o0903022	n	1(N25)--	1(N25)
o0903340	n	1(N28)-1(N28C)-	1(N28~c)
o0903153	n	1(N46)--	1(N46)
o0902992	n	2(N20)--	2(N20)
o0902894	n	1(N05)--	1(N05)
o0903126	n	3(N42)-3(N42~a)-	3(N42~a)
o0903022	n	1(N25)--	1(N25)
o0903041	n	1(N29A)-1(N29AC)-	1(N29A~c)
o0903368	s	X--	X
o0903154	n	2(N46)--	2(N46)
o0902994	n	4(N20)--	4(N20)
o0902894	n	1(N05)--	1(N05)
o0903126	n	3(N42)-3(N42~a)-	3(N42~a)
o0903022	n	1(N25)--	1(N25)
o0903368	s	X--	X
o0900115	s	BA--	BA
o0903153	n	1(N46)--	1(N46)
o0902992	n	2(N20)--	2(N20)
o0902895	n	2(N05)--	2(N05)
o0901946	s	ŠE-ŠE~a-	ŠE~a
o0903092	n	1(N37)--	1(N37)
o0902996	n	6(N20)--	6(N20)
o0902896	n	3(N05)--	3(N05)
o0903126	n	3(N42)-3(N42~a)-	3(N42~a)
o0903022	n	1(N25)--	1(N25)
o0901187	s	LAGAB-LAGAB~b-	LAGAB~b
o0900779	s	GAR--	GAR
o0903210	n	1(N57)--	1(N57)
o0903368	s	X--	X
o0901400	s	MUD₃@g--	MUD₃@g
o0900211	s	BUR-BUR~a-	BUR~a
o0902111	s	TU-TU~a-	TU~a
o0902004	s	ŠITA-ŠITA~a1-	ŠITA~a1
o0902938	n	7(N14)--	7(N14)
o0901115	s	KISAL-KISAL~b1-	KISAL~b1
o0901145	s	KU₆-KU₆~a-	KU₆~a
o0903368	s	X--	X
o0902859	n	2(N01)--	2(N01)
o0903368	s	X--	X
o0903368	s	X--	X
o0902930	n	2(N14)--	2(N14)
o0903368	s	X--	X
o0903368	s	X--	X
o0902930	n	2(N14)--	2(N14)
o0901361	s	MAR-MAR~a-	MAR~a
o0902422	s	ZAG-ZAG~a-	ZAG~a
o0902937	n	6(N14)-6(N14)~v1-	6(N14)
o0900493	s	E₂-E₂~a-	E₂~a
o0903368	s	X--	X
o0902859	n	2(N01)--	2(N01)
o0903368	s	X--	X
o0902859	n	2(N01)--	2(N01)
o0903368	s	X--	X
o0902858	n	1(N01)--	1(N01)
o0903368	s	X--	X
o0901718	s	SAR-SAR~a-	SAR~a
o0903368	s	X--	X
o0901142	s	KU₃-KU₃~a-	KU₃~a
o0903137	n	2(N45)--	2(N45)
o0902861	n	4(N01)--	4(N01)
o0901946	s	ŠE-ŠE~a-	ŠE~a
o0902094	s	TAK₄-TAK₄~a-	TAK₄~a
o0900000	s	A--	A
o0900014	s	AB-AB~b-	AB~b
o0903368	s	X--	X
o0902339	s	URU-URU~a1-	URU~a1
o0902863	n	6(N01)--	6(N01)
o0903368	s	X--	X
o0902862	n	5(N01)--	5(N01)
o0902860	n	3(N01)--	3(N01)
o0900513	s	EN-EN~a-	EN~a
o0900806	s	GI--	GI
o0902206	c	|U₄×1(N57)|--	|U₄×1(N57)|
o0901082	s	KAŠ-KAŠ~c-	KAŠ~c
o0902869	n	1(N02)--	1(N02)
o0902859	n	2(N01)--	2(N01)
o0901082	s	KAŠ-KAŠ~c-	KAŠ~c
o0902060	s	ŠUBUR--	ŠUBUR
o0900976	s	HI@g-HI@g~a-	HI@g~a
o0902871	n	2(N02)--	2(N02)
o0903368	s	X--	X
o0902869	n	1(N02)--	1(N02)
o0903368	s	X--	X
o0902869	n	1(N02)--	1(N02)
o0902858	n	1(N01)--	1(N01)
o0903368	s	X--	X
o0902763	s	ZATU795--	ZATU795
o0900845	s	GIR-GIR~a-	GIR~a
o0901115	s	KISAL-KISAL~b1-	KISAL~b1
o0901677	s	SAG--	SAG
o0902858	n	1(N01)--	1(N01)
o0903368	s	X--	X
o0902909	n	1(N08)--	1(N08)
o0903368	s	X--	X
o0902196	c	|U₄×1(N14)|--	|U₄×1(N14)|
o0902862	n	5(N01)--	5(N01)
o0902871	n	2(N02)--	2(N02)
o0902912	n	2(N08)--	2(N08)
o0902243	s	UDU-UDU~a-	UDU~a
o0902196	c	|U₄×1(N14)|--	|U₄×1(N14)|
o0902860	n	3(N01)--	3(N01)
o0902872	n	3(N02)--	3(N02)
o0902858	n	1(N01)--	1(N01)
o0902909	n	1(N08)--	1(N08)
o0902911	n	1(N08)-1(N08~v)-	1(N08~v)
o0903368	s	X--	X
o0902196	c	|U₄×1(N14)|--	|U₄×1(N14)|
o0902919	n	5(N08)--	5(N08)
o0902862	n	5(N01)--	5(N01)
o0902872	n	3(N02)--	3(N02)
o0902179	c	|U₄×1(N01).5(N08)|--	|U₄×1(N01).5(N08)|
o0902929	n	1(N14)--	1(N14)
o0902861	n	4(N01)--	4(N01)
o0901187	s	LAGAB-LAGAB~b-	LAGAB~b
o0902860	n	3(N01)--	3(N01)
o0903059	n	1(N34)--	1(N34)
o0902929	n	1(N14)--	1(N14)
o0902860	n	3(N01)--	3(N01)
o0901946	s	ŠE-ŠE~a-	ŠE~a
o0903137	n	2(N45)--	2(N45)
o0903368	s	X--	X
o0903059	n	1(N34)--	1(N34)
o0903137	n	2(N45)--	2(N45)
o0902935	n	5(N14)-5(N14)~v1-	5(N14)
o0903368	s	X--	X
o0902933	n	4(N14)--	4(N14)
o0902860	n	3(N01)--	3(N01)
o0901946	s	ŠE-ŠE~a-	ŠE~a
o0902862	n	5(N01)--	5(N01)
o0901946	s	ŠE-ŠE~a-	ŠE~a
o0900836	s	GI₆--	GI₆
o0900000	s	A--	A
o0901681	c	|SAG×GEŠTU|-|SAG×GEŠTU~a|-	|SAG×GEŠTU~a|
o0902935	n	5(N14)-5(N14)~v1-	5(N14)
o0901677	s	SAG--	SAG
o0903368	s	X--	X
o0900839	s	GIBIL--	GIBIL
o0902938	n	7(N14)--	7(N14)
o0902862	n	5(N01)--	5(N01)
o0903097	n	1(N39)-1(N39~a)-	1(N39~a)
o0901946	s	ŠE-ŠE~a-	ŠE~a
o0902161	s	U₄--	U₄
o0903368	s	X--	X
o0901941	s	ŠAM₂--	ŠAM₂
o0902859	n	2(N01)--	2(N01)
o0901090	s	KI--	KI
o0901393	s	MUD--	MUD
o0900175	s	BU-BU~a-	BU~a
o0903368	s	X--	X
o0901000	s	IM-IM~a-	IM~a
o0901946	s	ŠE-ŠE~a-	ŠE~a
o0903368	s	X--	X
o0902327	s	UR₅-UR₅~a-	UR₅~a
o0903368	s	X--	X
o0901145	s	KU₆-KU₆~a-	KU₆~a
o0901115	s	KISAL-KISAL~b1-	KISAL~b1
o0902932	n	3(N14)--	3(N14)
o0902859	n	2(N01)--	2(N01)
o0903100	n	2(N39)-2(N39~a)-	2(N39~a)
o0901946	s	ŠE-ŠE~a-	ŠE~a
o0900217	s	DA-DA~a-	DA~a
o0901145	s	KU₆-KU₆~a-	KU₆~a
o0901115	s	KISAL-KISAL~b1-	KISAL~b1
o0902861	n	4(N01)--	4(N01)
o0903368	s	X--	X
o0902220	s	U₈--	U₈
o0902860	n	3(N01)--	3(N01)
o0902250	s	UDUNITA-UDUNITA~a-	UDUNITA~a
o0902859	n	2(N01)--	2(N01)
o0901158	s	KUR-KUR~a-	KUR~a
o0901862	s	SILA₄-SILA₄~c-	SILA₄~c
o0901518	s	NIM-NIM~b2-	NIM~b2
o0902864	n	7(N01)--	7(N01)
o0902220	s	U₈--	U₈
o0902860	n	3(N01)--	3(N01)
o0902250	s	UDUNITA-UDUNITA~a-	UDUNITA~a
o0902859	n	2(N01)--	2(N01)
o0901111	s	KIR₁₁--	KIR₁₁
o0902859	n	2(N01)--	2(N01)
o0901158	s	KUR-KUR~a-	KUR~a
o0901862	s	SILA₄-SILA₄~c-	SILA₄~c
o0900513	s	EN-EN~a-	EN~a
o0900115	s	BA--	BA
o0901517	s	NIM-NIM~b1-	NIM~b1
o0902864	n	7(N01)--	7(N01)
o0902220	s	U₈--	U₈
o0902858	n	1(N01)--	1(N01)
o0901111	s	KIR₁₁--	KIR₁₁
o0900217	s	DA-DA~a-	DA~a
o0901625	s	PA-PA~a-	PA~a
o0902858	n	1(N01)--	1(N01)
o0902220	s	U₈--	U₈
o0901724	s	SI--	SI
o0902858	n	1(N01)--	1(N01)
o0902033	s	ŠU--	ŠU
o0902243	s	UDU-UDU~a-	UDU~a
o0902094	s	TAK₄-TAK₄~a-	TAK₄~a
o0901090	s	KI--	KI
o0902930	n	2(N14)--	2(N14)
o0902220	s	U₈--	U₈
o0902863	n	6(N01)--	6(N01)
o0902250	s	UDUNITA-UDUNITA~a-	UDUNITA~a
o0902860	n	3(N01)--	3(N01)
o0901111	s	KIR₁₁--	KIR₁₁
o0902861	n	4(N01)--	4(N01)
o0901158	s	KUR-KUR~a-	KUR~a
o0901862	s	SILA₄-SILA₄~c-	SILA₄~c
o0903368	s	X--	X
o0902220	s	U₈--	U₈
o0900806	s	GI--	GI
o0902932	n	3(N14)--	3(N14)
o0902860	n	3(N01)--	3(N01)
o0901962	s	ŠE₃--	ŠE₃
o0902243	s	UDU-UDU~a-	UDU~a
o0903368	s	X--	X
o0902862	n	5(N01)--	5(N01)
o0903368	s	X--	X
o0903368	s	X--	X
o0901697	s	SAL--	SAL
o0901377	s	MAŠ₂--	MAŠ₂
o0903368	s	X--	X
o0902161	s	U₄--	U₄
o0901377	s	MAŠ₂--	MAŠ₂
o0900279	s	DU--	DU
o0903368	s	X--	X
o0903368	s	X--	X
o0901377	s	MAŠ₂--	MAŠ₂
o0900889	s	GIŠ₃-GIŠ₃~a-	GIŠ₃~a
o0901377	s	MAŠ₂--	MAŠ₂
o0901625	s	PA-PA~a-	PA~a
o0902859	n	2(N01)--	2(N01)
o0903368	s	X--	X
o0901377	s	MAŠ₂--	MAŠ₂
o0902208	c	|U₄×3(N57)|--	|U₄×3(N57)|
o0903368	s	X--	X
o0902290	s	UMUN₂--	UMUN₂
o0902858	n	1(N01)--	1(N01)
o0902234	s	UD₅-UD₅~a-	UD₅~a
o0902146	s	TUR₃-TUR₃~a-	TUR₃~a
o0901380	s	ME-ME~a-	ME~a
o0902858	n	1(N01)--	1(N01)
o0902208	c	|U₄×3(N57)|--	|U₄×3(N57)|
o0901648	s	PIRIG-PIRIG~b1-	PIRIG~b1
o0902929	n	1(N14)--	1(N14)
o0901870	s	SU-SU~a-	SU~a
o0901675	s	SA-SA~c-	SA~c
o0900115	s	BA--	BA
o0901501	s	NI-NI~a-	NI~a
o0902929	n	1(N14)--	1(N14)
o0902220	s	U₈--	U₈
o0902935	n	5(N14)-5(N14)~v1-	5(N14)
o0902864	n	7(N01)--	7(N01)
o0902250	s	UDUNITA-UDUNITA~a-	UDUNITA~a
o0902929	n	1(N14)--	1(N14)
o0902861	n	4(N01)--	4(N01)
o0903368	s	X--	X
o0903059	n	1(N34)--	1(N34)
o0902863	n	6(N01)--	6(N01)
o0902234	s	UD₅-UD₅~a-	UD₅~a
o0902863	n	6(N01)--	6(N01)
o0901377	s	MAŠ₂--	MAŠNITA
o0902243	s	UDU-UDU~a-	UDU~a
o0900494	s	E₂-E₂~b-	E₂~b
o0902932	n	3(N14)--	3(N14)
o0902864	n	7(N01)--	7(N01)
o0901111	s	KIR₁₁--	KIR₁₁
o0902935	n	5(N14)-5(N14)~v1-	5(N14)
o0901158	s	KUR-KUR~a-	KUR~a
o0901862	s	SILA₄-SILA₄~c-	SILA₄~c
o0902932	n	3(N14)--	3(N14)
o0902858	n	1(N01)--	1(N01)
o0901697	s	SAL--	SAL
o0901376	s	MAŠ--	MAŠ
o0902930	n	2(N14)--	2(N14)
o0901158	s	KUR-KUR~a-	KUR~a
o0901376	s	MAŠ--	MAŠ
o0902860	n	3(N01)--	3(N01)
o0901862	s	SILA₄-SILA₄~c-	SILA₄~c
o0903368	s	X--	X
o0900089	s	AN--	AN
o0903368	s	X--	X
o0900981	s	I--	I
o0902243	s	UDU-UDU~a-	UDU~a
o0900870	s	GIR₃@g-GIR₃@g~b-	GIR₃@g~b
o0900089	s	AN--	AN
o0900906	s	GU--	GU
o0900981	s	I--	I
o0900956	s	HAL--	HAL
o0901639	s	PAP-PAP~a-	PAP~a
o0900981	s	I--	I
o0902033	s	ŠU--	ŠU
o0900806	s	GI--	GI
o0900981	s	I--	I
o0901310	s	LUGAL--	LUGAL
o0903368	s	X--	X
o0903368	s	X--	X
o0901677	s	SAG--	SAG
o0903368	s	X--	X
o0900981	s	I--	I
o0900860	s	GIR₃-GIR₃~c-	GIR₃~c
o0900981	s	I--	I
o0900513	s	EN-EN~a-	EN~a
o0901918	s	ŠA₃-ŠA₃~a1-	ŠA₃~a1
o0900960	s	HI--	HI
o0900981	s	I--	I
o0900126	s	BAHAR₂-BAHAR₂~b-	BAHAR₂~b
o0900981	s	I--	I
o0900860	s	GIR₃-GIR₃~c-	GIR₃~c
o0900269	s	DIM-DIM~a-	DIM~a
o0903368	s	X--	X
o0903368	s	X--	X
o0903368	s	X--	X
o0902243	s	UDU-UDU~a-	UDU~a
o0902859	n	2(N01)--	2(N01)
o0903368	s	X--	X
o0901946	s	ŠE-ŠE~a-	ŠE~a
o0903368	s	X--	X
o0903368	s	X--	X
o0903368	s	X--	X
o0902859	n	2(N01)--	2(N01)
o0903368	s	X--	X
o0903368	s	X--	X
o0902858	n	1(N01)--	1(N01)
o0902818	s	ZATU850--	ZATU850
o0902859	n	2(N01)--	2(N01)
o0901919	s	ŠA₃-ŠA₃~a2-	ŠA₃~b1
o0902859	n	2(N01)--	2(N01)
o0902156	s	U₂-U₂~a-	U₂~a
o0902858	n	1(N01)--	1(N01)
o0901609	c	|NUN+EN|-|NUN~b+EN~a|-	|EN~a+NUN~b|
o0902858	n	1(N01)--	1(N01)
o0901887	s	SUKKAL--	SUKKAL
o0902858	n	1(N01)--	1(N01)
o0900513	s	EN-EN~a-	EN~a
o0901090	s	KI--	KI
o0902858	n	1(N01)--	1(N01)
o0901136	s	KU-KU~a-	KU~a
o0901961	s	ŠE@t-ŠE~a@t-	ŠE~a@t
o0902858	n	1(N01)--	1(N01)
o0901724	s	SI--	SI
o0900000	s	A--	A
o0902858	n	1(N01)--	1(N01)
o0900513	s	EN-EN~a-	EN~a
o0903368	s	X--	X
o0902859	n	2(N01)--	2(N01)
o0901724	s	SI--	SI
o0900053	s	AD-AD~a-	AD~a
o0902859	n	2(N01)--	2(N01)
o0901044	s	KAB--	KAB
o0902060	s	ŠUBUR--	ŠUBUR
o0902858	n	1(N01)--	1(N01)
o0903234	n	3(N57)--	3(N57)
o0901639	s	PAP-PAP~a-	PAP~a
o0902858	n	1(N01)--	1(N01)
o0901724	s	SI--	SI
o0903368	s	X--	X
o0900806	s	GI--	GI
o0902929	n	1(N14)--	1(N14)
o0901709	s	SANGA-SANGA~a-	SANGA~a
o0902858	n	1(N01)--	1(N01)
o0900082	s	AMAR--	AMAR
o0902858	n	1(N01)--	1(N01)
o0902596	s	ZATU703--	ZATU703
o0902858	n	1(N01)--	1(N01)
o0900279	s	DU--	DU
o0902858	n	1(N01)--	1(N01)
o0901966	s	ŠEG₉--	ŠEG₉
o0902858	n	1(N01)--	1(N01)
o0900488	s	E-E~b-	E~b
o0901609	c	|NUN+EN|-|NUN~b+EN~a|-	|EN~a+NUN~b|
o0902858	n	1(N01)--	1(N01)
o0903368	s	X--	X
o0900100	s	APIN-APIN~a-	APIN~a
o0900920	s	GUG₂--	GUG₂
o0902932	n	3(N14)--	3(N14)
o0902859	n	2(N01)--	2(N01)
o0901128	s	KIŠ--	KIŠ
o0901639	s	PAP-PAP~a-	PAP~a
o0900806	s	GI--	GI
o0902869	n	1(N02)--	1(N02)
o0902860	n	3(N01)--	3(N01)
o0902033	s	ŠU--	ŠU
o0900983	s	IB-IB~a-	IB~a
o0903368	s	X--	X
o0902859	n	2(N01)--	2(N01)
o0901145	s	KU₆-KU₆~a-	KU₆~a
o0902858	n	1(N01)--	1(N01)
o0902234	s	UD₅-UD₅~a-	UD₅~a
o0902863	n	6(N01)--	6(N01)
o0901128	s	KIŠ--	KIŠ
o0901724	s	SI--	SI
o0901075	s	KASKAL--	KASKAL
o0901709	s	SANGA-SANGA~a-	SANGA~a
o0901606	c	|NUN+EN|-|NUN~a+EN~a~v2|-	|EN~a+NUN~a|
o0902858	n	1(N01)--	1(N01)
o0902161	s	U₄--	U₄
o0902605	s	ZATU710--	ZATU710
o0901946	s	ŠE-ŠE~a-	ŠE~a
o0902859	n	2(N01)--	2(N01)
o0902605	s	ZATU710--	ZATU710
o0903188	n	1(N51)--	1(N51)
o0903059	n	1(N34)--	1(N34)
o0901951	c	|ŠE.GAR|-|ŠE~a.GAR|-	|ŠE~a.GAR|
o0900912	s	GU₇--	GU₇
o0902938	n	7(N14)--	7(N14)
o0902858	n	1(N01)--	1(N01)
o0903234	n	3(N57)--	3(N57)
o0901648	s	PIRIG-PIRIG~b1-	PIRIG~b1
o0901946	s	ŠE-ŠE~a-	ŠE~a
o0902938	n	7(N14)--	7(N14)
o0900229	s	DAR-DAR~b-	DAR~b
o0900493	s	E₂-E₂~a-	E₂~a
o0900154	s	BAR--	BAR
o0902929	n	1(N14)--	1(N14)
o0901946	s	ŠE-ŠE~a-	ŠE~a
o0901670	s	RU--	RU
o0902930	n	2(N14)--	2(N14)
o0900175	s	BU-BU~a-	BU~a
o0902139	s	TUR--	TUR
o0903368	s	X--	X
o0901145	s	KU₆-KU₆~a-	KU₆~a
o0901115	s	KISAL-KISAL~b1-	KISAL~b1
o0900115	s	BA--	BA
o0903059	n	1(N34)--	1(N34)
o0902932	n	3(N14)--	3(N14)
o0902859	n	2(N01)--	2(N01)
o0903368	s	X--	X
o0902933	n	4(N14)--	4(N14)
o0901524	s	NIN--	NIN
o0902293	s	UNUG-UNUG~a-	UNUG~a
o0901625	s	PA-PA~a-	PA~a
o0901946	s	ŠE-ŠE~a-	ŠE~a
o0902869	n	1(N02)--	1(N02)
o0902711	s	ZATU759--	ZATU759
o0902063	s	ŠUR₂-ŠUR₂~a-	ŠUR₂~a
o0900089	s	AN--	AN
o0900938	s	GUM-GUM~b-	GUM~b
o0902929	n	1(N14)--	1(N14)
o0902972	n	1(N19)--	1(N19)
o0901947	s	ŠE-ŠE~b-	ŠE~b
o0901090	s	KI--	KI
o0901524	s	NIN--	NIN
o0900912	s	GU₇--	GU₇
o0902869	n	1(N02)--	1(N02)
o0902859	n	2(N01)--	2(N01)
o0902250	s	UDUNITA-UDUNITA~a-	UDUNITA~a
o0902859	n	2(N01)--	2(N01)
o0902401	s	UTUA-UTUA~b-	UTUA~b
o0902859	n	2(N01)--	2(N01)
o0902234	s	UD₅-UD₅~a-	UD₅~a
o0902860	n	3(N01)--	3(N01)
o0901377	s	MAŠ₂--	MAŠ₂
o0902858	n	1(N01)--	1(N01)
o0901593	s	NUN-NUN~b-	NUN~b
o0902243	s	UDU-UDU~a-	UDU~a
o0902859	n	2(N01)--	2(N01)
o0903368	s	X--	X
o0902862	n	5(N01)--	5(N01)
o0903368	s	X--	X
o0901862	s	SILA₄-SILA₄~c-	SILA₄~c
o0900115	s	BA--	BA
o0900513	s	EN-EN~a-	EN~a
o0900089	s	AN--	AN
o0901501	s	NI-NI~a-	NI~a
o0902929	n	1(N14)--	1(N14)
o0902863	n	6(N01)--	6(N01)
o0902243	s	UDU-UDU~a-	UDU~a
o0900513	s	EN-EN~a-	EN~a
o0900115	s	BA--	BA
o0900089	s	AN--	AN
o0901501	s	NI-NI~a-	NI~a
o0902339	s	URU-URU~a1-	URU~a1
o0902861	n	4(N01)--	4(N01)
o0900041	s	AB₂--	AB₂
o0902858	n	1(N01)--	1(N01)
o0900908	s	GU₄--	GU₄
o0901137	s	KU-KU~b1-	KU~b1
o0901993	s	ŠIM-ŠIM~a-	ŠIM~a
o0902624	s	ZATU723--	ZATU723
o0902261	s	UKKIN-UKKIN~a-	UKKIN~a
o0902929	n	1(N14)--	1(N14)
o0900041	s	AB₂--	AB₂
o0902862	n	5(N01)--	5(N01)
o0902869	n	1(N02)--	1(N02)
o0901697	s	SAL--	SAL
o0901158	s	KUR-KUR~a-	KUR~a
o0901910	s	ŠA--	ŠA
o0903100	n	2(N39)-2(N39~a)-	2(N39~a)
o0903368	s	X--	X
o0903104	n	3(N39)-3(N39~a)-	3(N39~a)
o0902146	s	TUR₃-TUR₃~a-	TUR₃~a
o0901702	s	|SAL.ME|--	LUKUR
o0903028	n	1(N28)--	1(N28)
o0900309	s	DU₈@g-DU₈~c@g-	DU₈~c@g
o0903210	n	1(N57)--	1(N57)
o0903368	s	X--	X
o0903028	n	1(N28)--	1(N28)
o0903368	s	X--	X
o0901639	s	PAP-PAP~a-	PAP~a
o0900976	s	HI@g-HI@g~a-	HI@g~a
o0903097	n	1(N39)-1(N39~a)-	1(N39~a)
o0902164	c	|U₄.2(N08)|--	|U₄.2(N08)|
o0902858	n	1(N01)--	1(N01)
o0903100	n	2(N39)-2(N39~a)-	2(N39~a)
o0903028	n	1(N28)--	1(N28)
o0902858	n	1(N01)--	1(N01)
o0903028	n	1(N28)--	1(N28)
o0902139	s	TUR--	TUR
o0903016	n	1(N24)--	1(N24)
o0903028	n	1(N28)--	1(N28)
o0900920	s	GUG₂--	GUG₂
o0903097	n	1(N39)-1(N39~a)-	1(N39~a)
o0903028	n	1(N28)--	1(N28)
o0901946	s	ŠE-ŠE~a-	ŠE~a
o0902858	n	1(N01)--	1(N01)
o0903368	s	X--	X
o0903161	n	1(N48)--	1(N48)
o0903059	n	1(N34)--	1(N34)
o0902932	n	3(N14)--	3(N14)
o0902865	n	8(N01)--	8(N01)
o0901187	s	LAGAB-LAGAB~b-	LAGAB~b
o0902243	s	UDU-UDU~a-	UDU~a
o0900199	c	|BU+DU₆|-|BU~a+DU₆~a|-	|BU~a.DU₆~a|
o0902033	s	ŠU--	ŠU
o0900883	c	|GIŠ×ŠU₂|-|GIŠ×ŠU₂~a|-	|GIŠ×ŠU₂~a|
o0903062	n	3(N34)--	3(N34)
o0902866	n	9(N01)--	9(N01)
o0902243	s	UDU-UDU~a-	UDU~a
o0903059	n	1(N34)--	1(N34)
o0902935	n	5(N14)-5(N14)~v1-	5(N14)
o0902859	n	2(N01)--	2(N01)
o0900912	s	GU₇--	GU₇
o0903081	n	5(N35)--	5(N35)
o0902875	n	6(N02)--	6(N02)
o0901870	s	SU-SU~a-	SU~a
o0903059	n	1(N34)--	1(N34)
o0902932	n	3(N14)--	3(N14)
o0902858	n	1(N01)--	1(N01)
o0902858	n	1(N01)--	1(N01)
o0902858	n	1(N01)--	1(N01)
o0902858	n	1(N01)--	1(N01)
o0902858	n	1(N01)--	1(N01)
o0903236	c	|3(N57).AZ|--	|3(N57).AZ|
o0902858	n	1(N01)--	1(N01)
o0900513	s	EN-EN~a-	EN~a
o0901452	s	NAGA-NAGA~a-	NAGA~a
o0902858	n	1(N01)--	1(N01)
o0900545	s	ERIN--	ERIN
o0902858	n	1(N01)--	1(N01)
o0901697	s	SAL--	SAL
o0901697	s	SAL--	SAL
o0903100	n	2(N39)-2(N39~a)-	2(N39~a)
o0903016	n	1(N24)--	1(N24)
o0901111	s	KIR₁₁--	KIR₁₁
o0903100	n	2(N39)-2(N39~a)-	2(N39~a)
o0903016	n	1(N24)--	1(N24)
o0901128	s	KIŠ--	KIŠ
o0903100	n	2(N39)-2(N39~a)-	2(N39~a)
o0903016	n	1(N24)--	1(N24)
o0903234	n	3(N57)--	3(N57)
o0901639	s	PAP-PAP~a-	PAP~a
o0903100	n	2(N39)-2(N39~a)-	2(N39~a)
o0903016	n	1(N24)--	1(N24)
o0901697	s	SAL--	SAL
o0900778	s	GAN₂--	GAN₂
o0903100	n	2(N39)-2(N39~a)-	2(N39~a)
o0903016	n	1(N24)--	1(N24)
o0902146	s	TUR₃-TUR₃~a-	TUR₃~a
o0901380	s	ME-ME~a-	ME~a
o0903100	n	2(N39)-2(N39~a)-	2(N39~a)
o0903016	n	1(N24)--	1(N24)
o0901910	s	ŠA--	ŠA
o0901705	c	|SAL+HI×HI|--	|SAL.ZATU751~c|
o0903100	n	2(N39)-2(N39~a)-	2(N39~a)
o0903016	n	1(N24)--	1(N24)
o0901697	s	SAL--	SAL
o0900000	s	A--	A
o0903100	n	2(N39)-2(N39~a)-	2(N39~a)
o0903016	n	1(N24)--	1(N24)
o0902111	s	TU-TU~a-	TU~a
o0900858	s	GIR₃-GIR₃~a-	GIR₃~a
o0902858	n	1(N01)--	1(N01)
o0901697	s	SAL--	SAL
o0902302	s	UR-UR~a-	UR~a
o0903368	s	X--	X
o0903100	n	2(N39)-2(N39~a)-	2(N39~a)
o0903016	n	1(N24)--	1(N24)
o0900089	s	AN--	AN
o0902759	s	ZATU788--	ZATU788
o0903100	n	2(N39)-2(N39~a)-	2(N39~a)
o0903016	n	1(N24)--	1(N24)
o0900089	s	AN--	AN
o0902759	s	ZATU788--	ZATU788
o0901946	s	ŠE-ŠE~a-	ŠE~a
o0903100	n	2(N39)-2(N39~a)-	2(N39~a)
o0903016	n	1(N24)--	1(N24)
o0903234	n	3(N57)--	3(N57)
o0903100	n	2(N39)-2(N39~a)-	2(N39~a)
o0903016	n	1(N24)--	1(N24)
o0900089	s	AN--	AN
o0901468	s	NAM₂--	NAM₂
o0903100	n	2(N39)-2(N39~a)-	2(N39~a)
o0903016	n	1(N24)--	1(N24)
o0903100	n	2(N39)-2(N39~a)-	2(N39~a)
o0903016	n	1(N24)--	1(N24)
o0901697	s	SAL--	SAL
o0903100	n	2(N39)-2(N39~a)-	2(N39~a)
o0903016	n	1(N24)--	1(N24)
o0902858	n	1(N01)--	1(N01)
o0901697	s	SAL--	SAL
o0901586	s	NU₁₁--	NU₁₁
o0902858	n	1(N01)--	1(N01)
o0901524	s	NIN--	NIN
o0902139	s	TUR--	TUR
o0903100	n	2(N39)-2(N39~a)-	2(N39~a)
o0903016	n	1(N24)--	1(N24)
o0901993	s	ŠIM-ŠIM~a-	ŠIM~a
o0903100	n	2(N39)-2(N39~a)-	2(N39~a)
o0903016	n	1(N24)--	1(N24)
o0903100	n	2(N39)-2(N39~a)-	2(N39~a)
o0903016	n	1(N24)--	1(N24)
o0902994	n	4(N20)--	4(N20)
o0902896	n	3(N05)--	3(N05)
o0903120	n	1(N42)-1(N42~a)-	1(N42~a)
o0902327	s	UR₅-UR₅~a-	UR₅~a
o0903368	s	X--	X
o0903059	n	1(N34)--	1(N34)
o0902932	n	3(N14)--	3(N14)
o0902858	n	1(N01)--	1(N01)
o0900089	s	AN--	AN
o0901648	s	PIRIG-PIRIG~b1-	PIRIG~b1
o0902929	n	1(N14)--	1(N14)
o0902859	n	2(N01)--	2(N01)
o0903005	n	1(N22)--	1(N22)
o0902861	n	4(N01)--	4(N01)
o0902923	n	9(N08)--	9(N08)
o0900778	s	GAN₂--	GAN₂
o0903059	n	1(N34)--	1(N34)
o0902932	n	3(N14)--	3(N14)
o0901393	s	MUD--	MUD
o0901639	s	PAP-PAP~a-	PAP~a
o0901592	s	NUN-NUN~a-	NUN~a
o0902929	n	1(N14)--	1(N14)
o0902863	n	6(N01)--	6(N01)
o0903006	n	2(N22)--	2(N22)
o0902859	n	2(N01)--	2(N01)
o0902916	n	4(N08)--	4(N08)
o0900778	s	GAN₂--	GAN₂
o0903059	n	1(N34)--	1(N34)
o0902933	n	4(N14)--	4(N14)
o0902860	n	3(N01)--	3(N01)
o0901639	s	PAP-PAP~a-	PAP~a
o0901312	s	LUM--	LUM
o0902929	n	1(N14)--	1(N14)
o0902858	n	1(N01)--	1(N01)
o0903005	n	1(N22)--	1(N22)
o0902862	n	5(N01)--	5(N01)
o0902914	n	3(N08)--	3(N08)
o0900778	s	GAN₂--	GAN₂
o0903059	n	1(N34)--	1(N34)
o0902929	n	1(N14)--	1(N14)
o0902863	n	6(N01)--	6(N01)
o0901639	s	PAP-PAP~a-	PAP~a
o0900229	s	DAR-DAR~b-	DAR~b
o0902930	n	2(N14)--	2(N14)
o0902865	n	8(N01)--	8(N01)
o0902929	n	1(N14)--	1(N14)
o0902860	n	3(N01)--	3(N01)
o0902914	n	3(N08)--	3(N08)
o0900778	s	GAN₂--	GAN₂
o0902933	n	4(N14)--	4(N14)
o0902859	n	2(N01)--	2(N01)
o0901639	s	PAP-PAP~a-	PAP~a
o0900113	s	AZ--	AZ
o0902932	n	3(N14)--	3(N14)
o0902860	n	3(N01)--	3(N01)
o0903006	n	2(N22)--	2(N22)
o0902858	n	1(N01)--	1(N01)
o0902923	n	9(N08)--	9(N08)
o0900778	s	GAN₂--	GAN₂
o0902932	n	3(N14)--	3(N14)
o0902865	n	8(N01)--	8(N01)
o0901639	s	PAP-PAP~a-	PAP~a
o0900279	s	DU--	DU
o0901090	s	KI--	KI
o0902932	n	3(N14)--	3(N14)
o0902860	n	3(N01)--	3(N01)
o0903006	n	2(N22)--	2(N22)
o0902920	n	6(N08)--	6(N08)
o0900778	s	GAN₂--	GAN₂
o0903059	n	1(N34)--	1(N34)
o0902930	n	2(N14)--	2(N14)
o0902859	n	2(N01)--	2(N01)
o0900175	s	BU-BU~a-	BU~a
o0901639	s	PAP-PAP~a-	PAP~a
o0900053	s	AD-AD~a-	AD~a
o0902930	n	2(N14)--	2(N14)
o0902861	n	4(N01)--	4(N01)
o0903005	n	1(N22)--	1(N22)
o0902858	n	1(N01)--	1(N01)
o0902920	n	6(N08)--	6(N08)
o0900778	s	GAN₂--	GAN₂
o0902932	n	3(N14)--	3(N14)
o0902865	n	8(N01)--	8(N01)
o0901639	s	PAP-PAP~a-	PAP~a
o0901697	s	SAL--	SAL
o0902930	n	2(N14)--	2(N14)
o0902862	n	5(N01)--	5(N01)
o0903005	n	1(N22)--	1(N22)
o0902860	n	3(N01)--	3(N01)
o0902919	n	5(N08)--	5(N08)
o0900778	s	GAN₂--	GAN₂
o0903059	n	1(N34)--	1(N34)
o0902933	n	4(N14)--	4(N14)
o0902930	n	2(N14)--	2(N14)
o0902865	n	8(N01)--	8(N01)
o0902929	n	1(N14)--	1(N14)
o0903005	n	1(N22)--	1(N22)
o0902861	n	4(N01)--	4(N01)
o0900778	s	GAN₂--	GAN₂
o0903059	n	1(N34)--	1(N34)
o0902861	n	4(N01)--	4(N01)
o0901926	s	ŠAB-ŠAB~a-	ŠAB~a
o0902930	n	2(N14)--	2(N14)
o0902863	n	6(N01)--	6(N01)
o0903006	n	2(N22)--	2(N22)
o0902861	n	4(N01)--	4(N01)
o0902920	n	6(N08)--	6(N08)
o0900778	s	GAN₂--	GAN₂
o0902932	n	3(N14)--	3(N14)
o0902859	n	2(N01)--	2(N01)
o0901639	s	PAP-PAP~a-	PAP~a
o0902930	n	2(N14)--	2(N14)
o0902862	n	5(N01)--	5(N01)
o0903005	n	1(N22)--	1(N22)
o0902859	n	2(N01)--	2(N01)
o0900778	s	GAN₂--	GAN₂
o0902932	n	3(N14)--	3(N14)
o0902859	n	2(N01)--	2(N01)
o0901639	s	PAP-PAP~a-	PAP~a
o0902930	n	2(N14)--	2(N14)
o0902862	n	5(N01)--	5(N01)
o0903005	n	1(N22)--	1(N22)
o0902859	n	2(N01)--	2(N01)
o0900778	s	GAN₂--	GAN₂
o0902940	n	9(N14)--	9(N14)
o0903006	n	2(N22)--	2(N22)
o0900778	s	GAN₂--	GAN₂
o0901928	s	ŠAB-ŠAB~b-	ŠAB~b
o0901724	s	SI--	SI
o0901142	s	KU₃-KU₃~a-	KU₃~a
o0900253	s	DARA₄-DARA₄~c-	DARA₄~c
o0903368	s	X--	X
o0900217	s	DA-DA~a-	DA~a
o0901625	s	PA-PA~a-	PA~a
o0902339	s	URU-URU~a1-	URU~a1
o0902243	s	UDU-UDU~a-	UDU~a
o0902858	n	1(N01)--	1(N01)
o0900331	s	DUG-DUG~a-	DUG~a
o0901078	s	KAŠ-KAŠ~a-	KAŠ~a
o0902860	n	3(N01)--	3(N01)
o0902263	s	UKKIN-UKKIN~b-	UKKIN~b
o0900912	s	GU₇--	GU₇
o0901639	s	PAP-PAP~a-	PAP~a
o0900175	s	BU-BU~a-	BU~a
o0901468	s	NAM₂--	NAM₂
o0902293	s	UNUG-UNUG~a-	UNUG~a
o0900115	s	BA--	BA
o0903134	n	1(N45)--	1(N45)
o0902932	n	3(N14)--	3(N14)
o0901946	s	ŠE-ŠE~a-	ŠE~a
o0902930	n	2(N14)--	2(N14)
o0903368	s	X--	X
o0903368	s	X--	X
o0901481	s	NAR--	NAR
o0902993	n	3(N20)--	3(N20)
o0902895	n	2(N05)--	2(N05)
o0900976	s	HI@g-HI@g~a-	HI@g~a
o0900956	s	HAL--	HAL
o0901941	s	ŠAM₂--	ŠAM₂
o0900513	s	EN-EN~a-	EN~a
o0903158	n	1(N47)--	1(N47)
o0902998	n	8(N20)--	8(N20)
o0902895	n	2(N05)--	2(N05)
o0900976	s	HI@g-HI@g~a-	HI@g~a
o0901946	s	ŠE-ŠE~a-	ŠE~a
o0900000	s	A--	A
o0903082	n	1(N36)--	1(N36)
o0902979	n	8(N19)--	8(N19)
o0902885	n	2(N04)--	2(N04)
o0903097	n	1(N39)-1(N39~a)-	1(N39~a)
o0903016	n	1(N24)--	1(N24)
o0900115	s	BA--	BA
o0901090	s	KI--	KI
o0901941	s	ŠAM₂--	ŠAM₂
o0901145	s	KU₆-KU₆~a-	KU₆~a
o0901115	s	KISAL-KISAL~b1-	KISAL~b1
o0902930	n	2(N14)--	2(N14)
o0902859	n	2(N01)--	2(N01)
o0902560	s	ZATU687--	ZATU687
o0901592	s	NUN-NUN~a-	NUN~a
o0902932	n	3(N14)--	3(N14)
o0902858	n	1(N01)--	1(N01)
o0903297	n	3(N59)--	3(N59)
o0900089	s	AN--	AN
o0901677	s	SAG--	SAG
o0902930	n	2(N14)--	2(N14)
o0903297	n	3(N59)--	3(N59)
o0903234	n	3(N57)--	3(N57)
o0903368	s	X--	X
o0902929	n	1(N14)--	1(N14)
o0902859	n	2(N01)--	2(N01)
o0903297	n	3(N59)--	3(N59)
o0903368	s	X--	X
o0900616	s	GA₂-GA₂~a1-	GA₂~a1
o0902930	n	2(N14)--	2(N14)
o0902290	s	UMUN₂--	UMUN₂
o0901625	s	PA-PA~a-	PA~a
o0900729	s	GAL-GAL~a-	GAL~a
o0902932	n	3(N14)--	3(N14)
o0902859	n	2(N01)--	2(N01)
o0903297	n	3(N59)--	3(N59)
o0903368	s	X--	X
o0900012	s	AB-AB~a-	AB~a
o0900047	s	ABGAL--	ABGAL
o0903059	n	1(N34)--	1(N34)
o0900729	s	GAL-GAL~a-	GAL~a
o0902060	s	ŠUBUR--	ŠUBUR
o0900000	s	A--	A
o0902862	n	5(N01)--	5(N01)
o0901380	s	ME-ME~a-	ME~a
o0903368	s	X--	X
o0902146	s	TUR₃-TUR₃~a-	TUR₃~a
o0901697	s	SAL--	SAL
o0902930	n	2(N14)--	2(N14)
o0900012	s	AB-AB~a-	AB~a
o0901870	s	SU-SU~a-	SU~a
o0901380	s	ME-ME~a-	ME~a
o0902929	n	1(N14)--	1(N14)
o0901380	s	ME-ME~a-	ME~a
o0900249	s	DARA₄-DARA₄~a1-	DARA₄~a1
o0902862	n	5(N01)--	5(N01)
o0903297	n	3(N59)--	3(N59)
o0903368	s	X--	X
o0900729	s	GAL-GAL~a-	GAL~a
o0900806	s	GI--	GI
o0902929	n	1(N14)--	1(N14)
o0902862	n	5(N01)--	5(N01)
o0901675	s	SA-SA~c-	SA~c
o0901392	s	MU--	MU
o0902930	n	2(N14)--	2(N14)
o0902626	s	ZATU725--	ZATU725
o0901380	s	ME-ME~a-	ME~a
o0900012	s	AB-AB~a-	AB~a
o0901592	s	NUN-NUN~a-	NUN~a
o0902739	s	ZATU773-ZATU773~a-	ZATU773~a
o0903059	n	1(N34)--	1(N34)
o0901000	s	IM-IM~a-	IM~a
o0900729	s	GAL-GAL~a-	GAL~a
o0903059	n	1(N34)--	1(N34)
o0902930	n	2(N14)--	2(N14)
o0902860	n	3(N01)--	3(N01)
o0902324	s	UR₄-UR₄~b-	UR₄~b
o0902339	s	URU-URU~a1-	URU~a1
o0903062	n	3(N34)--	3(N34)
o0902933	n	4(N14)--	4(N14)
o0902862	n	5(N01)--	5(N01)
o0900513	s	EN-EN~a-	EN~a
o0902293	s	UNUG-UNUG~a-	UNUG~a
o0902930	n	2(N14)--	2(N14)
o0902860	n	3(N01)--	3(N01)
o0902384	s	UŠ-UŠ~a-	UŠ~a
o0900729	s	GAL-GAL~a-	GAL~a
o0902862	n	5(N01)--	5(N01)
o0900089	s	AN--	AN
o0902309	s	UR₂--	UR₂
o0900545	s	ERIN--	ERIN
o0901887	s	SUKKAL--	SUKKAL
o0901639	s	PAP-PAP~a-	PAP~a
o0900154	s	BAR--	BAR
o0903059	n	1(N34)--	1(N34)
o0903368	s	X--	X
o0902929	n	1(N14)--	1(N14)
o0902862	n	5(N01)--	5(N01)
o0902004	s	ŠITA-ŠITA~a1-	ŠITA~a1
o0902801	s	ZATU836--	ZATU836
o0901592	s	NUN-NUN~a-	NUN~a
o0902932	n	3(N14)--	3(N14)
o0902860	n	3(N01)--	3(N01)
o0901517	s	NIM-NIM~b1-	NIM~b1
o0900012	s	AB-AB~a-	AB~a
o0902860	n	3(N01)--	3(N01)
o0900988	s	IDIGNA--	IDIGNA
o0901709	s	SANGA-SANGA~a-	SANGA~a
o0902930	n	2(N14)--	2(N14)
o0900047	s	ABGAL--	ABGAL
o0900981	s	I--	I
o0902859	n	2(N01)--	2(N01)
o0903297	n	3(N59)--	3(N59)
o0901709	s	SANGA-SANGA~a-	SANGA~a
o0902929	n	1(N14)--	1(N14)
o0900012	s	AB-AB~a-	AB~a
o0902929	n	1(N14)--	1(N14)
o0902862	n	5(N01)--	5(N01)
o0901639	s	PAP-PAP~a-	PAP~a
o0902930	n	2(N14)--	2(N14)
o0901697	s	SAL--	SAL
o0902004	s	ŠITA-ŠITA~a1-	ŠITA~a1
o0903059	n	1(N34)--	1(N34)
o0902930	n	2(N14)--	2(N14)
o0900270	s	DIM-DIM~b-	DIM~b
o0900217	s	DA-DA~a-	DA~a
o0902929	n	1(N14)--	1(N14)
o0902861	n	4(N01)--	4(N01)
o0902406	s	UTUL-UTUL~a-	UTUL~a
o0900729	s	GAL-GAL~a-	GAL~a
o0901592	s	NUN-NUN~a-	NUN~a
o0902933	n	4(N14)--	4(N14)
o0900513	s	EN-EN~a-	EN~a
o0900047	s	ABGAL--	ABGAL
o0903059	n	1(N34)--	1(N34)
o0902930	n	2(N14)--	2(N14)
o0903059	n	1(N34)--	1(N34)
o0901075	s	KASKAL--	KASKAL
o0902933	n	4(N14)--	4(N14)
o0902206	c	|U₄×1(N57)|--	|U₄×1(N57)|
o0903061	n	2(N34)--	2(N34)
o0903368	s	X--	X
o0900487	s	E-E~a-	E~a
o0902929	n	1(N14)--	1(N14)
o0901380	s	ME-ME~a-	ME~a
o0903299	n	6(N59)--	6(N59)
o0903299	n	6(N59)--	6(N59)
o0902864	n	7(N01)--	7(N01)
o0903299	n	6(N59)--	6(N59)
o0902862	n	5(N01)--	5(N01)
o0902861	n	4(N01)--	4(N01)
o0902929	n	1(N14)--	1(N14)
o0902861	n	4(N01)--	4(N01)
o0900513	s	EN-EN~a-	EN~a
o0902933	n	4(N14)--	4(N14)
o0903368	s	X--	X
o0902933	n	4(N14)--	4(N14)
o0903065	n	6(N34)--	6(N34)
o0902932	n	3(N14)--	3(N14)
o0903297	n	3(N59)--	3(N59)
o0901592	s	NUN-NUN~a-	NUN~a
o0902739	s	ZATU773-ZATU773~a-	ZATU773~a
o0903065	n	6(N34)--	6(N34)
o0902930	n	2(N14)--	2(N14)
o0903298	n	4(N59)--	4(N59)
o0900545	s	ERIN--	ERIN
o0901887	s	SUKKAL--	SUKKAL
o0903064	n	5(N34)--	5(N34)
o0902864	n	7(N01)--	7(N01)
o0903297	n	3(N59)--	3(N59)
o0900047	s	ABGAL--	ABGAL
o0902930	n	2(N14)--	2(N14)
o0902033	s	ŠU--	ŠU
o0902139	s	TUR--	TUR
o0903063	n	4(N34)--	4(N34)
o0902933	n	4(N14)--	4(N14)
o0902862	n	5(N01)--	5(N01)
o0903298	n	4(N59)--	4(N59)
o0900100	s	APIN-APIN~a-	APIN~a
o0903011	n	2(N23)--	2(N23)
o0903065	n	6(N34)--	6(N34)
o0901020	s	IŠ-IŠ~a-	IŠ~a
o0900493	s	E₂-E₂~a-	E₂~a
o0900000	s	A--	A
o0903100	n	2(N39)-2(N39~a)-	2(N39~a)
o0903016	n	1(N24)--	1(N24)
o0903023	n	1(N26)--	1(N26)
o0901910	s	ŠA--	ŠA
o0902161	s	U₄--	U₄
o0901380	s	ME-ME~a-	ME~a
o0903104	n	3(N39)-3(N39~a)-	3(N39~a)
o0900779	s	GAR--	GAR
o0903016	n	1(N24)--	1(N24)
o0901697	s	SAL--	SAL
o0900225	s	DAM--	DAM
o0900494	s	E₂-E₂~b-	E₂~b
o0903016	n	1(N24)--	1(N24)
o0900312	s	DUB-DUB~a-	DUB~a
o0900494	s	E₂-E₂~b-	E₂~b
o0903100	n	2(N39)-2(N39~a)-	2(N39~a)
o0903016	n	1(N24)--	1(N24)
o0903368	s	X--	X
o0903368	s	X--	X
o0903100	n	2(N39)-2(N39~a)-	2(N39~a)
o0901373	s	MAR@g-MAR@g~a-	MAR@g~a
o0903016	n	1(N24)--	1(N24)
o0901697	s	SAL--	SAL
o0900225	s	DAM--	DAM
o0900494	s	E₂-E₂~b-	E₂~b
o0903016	n	1(N24)--	1(N24)
o0900312	s	DUB-DUB~a-	DUB~a
o0900494	s	E₂-E₂~b-	E₂~b
o0902858	n	1(N01)--	1(N01)
o0903368	s	X--	X
o0903032	n	1(N29)-1(N29~a)-	1(N29~a)
o0901677	s	SAG--	SAG
o0901879	s	SUG₅--	SUG₅
o0901392	s	MU--	MU
o0902163	c	|U₄.1(N08)|--	|U₄.1(N08)|
o0901946	s	ŠE-ŠE~a-	ŠE~a
o0903104	n	3(N39)-3(N39~a)-	3(N39~a)
o0903032	n	1(N29)-1(N29~a)-	1(N29~a)
o0903016	n	1(N24)--	1(N24)
o0903032	n	1(N29)-1(N29~a)-	1(N29~a)
o0900976	s	HI@g-HI@g~a-	HI@g~a
o0903016	n	1(N24)--	1(N24)
o0901697	s	SAL--	SAL
o0900225	s	DAM--	DAM
o0900494	s	E₂-E₂~b-	E₂~b
o0903100	n	2(N39)-2(N39~a)-	2(N39~a)
o0900920	s	GUG₂--	GUG₂
o0900779	s	GAR--	GAR
o0900729	s	GAL-GAL~a-	GAL~a
o0903028	n	1(N28)--	1(N28)
o0900976	s	HI@g-HI@g~a-	HI@g~a
o0900920	s	GUG₂--	GUG₂
o0903053	n	1(N30C)--	1(N30~c)
o0901696	s	SAGŠU--	SAGŠU
o0903120	n	1(N42)-1(N42~a)-	1(N42~a)
o0903340	n	1(N28)-1(N28C)-	1(N28~c)
o0900920	s	GUG₂--	GUG₂
o0903016	n	1(N24)--	1(N24)
o0900920	s	GUG₂--	GUG₂
o0900225	s	DAM--	DAM
o0901697	s	SAL--	SAL
o0900494	s	E₂-E₂~b-	E₂~b
o0903053	n	1(N30C)--	1(N30~c)
o0900920	s	GUG₂--	GUG₂
o0900089	s	AN--	AN
o0901614	s	NUNUZ-NUNUZ~a1-	NUNUZ~a1
o0900976	s	HI@g-HI@g~a-	HI@g~a
o0900920	s	GUG₂--	GUG₂
o0903097	n	1(N39)-1(N39~a)-	1(N39~a)
o0900729	s	GAL-GAL~a-	GAL~a
o0900920	s	GUG₂--	GUG₂
o0900779	s	GAR--	GAR
o0903100	n	2(N39)-2(N39~a)-	2(N39~a)
o0901373	s	MAR@g-MAR@g~a-	MAR@g~a
o0903100	n	2(N39)-2(N39~a)-	2(N39~a)
o0900920	s	GUG₂--	GUG₂
o0903016	n	1(N24)--	1(N24)
o0903100	n	2(N39)-2(N39~a)-	2(N39~a)
o0901392	s	MU--	MU
o0901677	s	SAG--	SAG
o0901879	s	SUG₅--	SUG₅
o0903100	n	2(N39)-2(N39~a)-	2(N39~a)
o0902929	n	1(N14)--	1(N14)
o0902860	n	3(N01)--	3(N01)
o0903107	n	4(N39)-4(N39~a)-	4(N39~a)
o0903037	n	2(N29)-2(N29~a)-	2(N29~a)
o0900976	s	HI@g-HI@g~a-	HI@g~a
o0902861	n	4(N01)--	4(N01)
o0903107	n	4(N39)-4(N39~a)-	4(N39~a)
o0903016	n	1(N24)--	1(N24)
o0903028	n	1(N28)--	1(N28)
o0903037	n	2(N29)-2(N29~a)-	2(N29~a)
o0900976	s	HI@g-HI@g~a-	HI@g~a
o0901946	s	ŠE-ŠE~a-	ŠE~a
o0902163	c	|U₄.1(N08)|--	|U₄.1(N08)|
o0902860	n	3(N01)--	3(N01)
o0903028	n	1(N28)--	1(N28)
o0903032	n	1(N29)-1(N29~a)-	1(N29~a)
o0900976	s	HI@g-HI@g~a-	HI@g~a
o0902858	n	1(N01)--	1(N01)
o0903107	n	4(N39)-4(N39~a)-	4(N39~a)
o0903016	n	1(N24)--	1(N24)
o0903032	n	1(N29)-1(N29~a)-	1(N29~a)
o0901946	s	ŠE-ŠE~a-	ŠE~a
o0902859	n	2(N01)--	2(N01)
o0903032	n	1(N29)-1(N29~a)-	1(N29~a)
o0902858	n	1(N01)--	1(N01)
o0903028	n	1(N28)--	1(N28)
o0903100	n	2(N39)-2(N39~a)-	2(N39~a)
o0903032	n	1(N29)-1(N29~a)-	1(N29~a)
o0902858	n	1(N01)--	1(N01)
o0903100	n	2(N39)-2(N39~a)-	2(N39~a)
o0903016	n	1(N24)--	1(N24)
o0902861	n	4(N01)--	4(N01)
o0903107	n	4(N39)-4(N39~a)-	4(N39~a)
o0903028	n	1(N28)--	1(N28)
o0900976	s	HI@g-HI@g~a-	HI@g~a
o0901946	s	ŠE-ŠE~a-	ŠE~a
o0902164	c	|U₄.2(N08)|--	|U₄.2(N08)|
o0902859	n	2(N01)--	2(N01)
o0903100	n	2(N39)-2(N39~a)-	2(N39~a)
o0900976	s	HI@g-HI@g~a-	HI@g~a
o0902859	n	2(N01)--	2(N01)
o0903100	n	2(N39)-2(N39~a)-	2(N39~a)
o0903028	n	1(N28)--	1(N28)
o0901946	s	ŠE-ŠE~a-	ŠE~a
o0902859	n	2(N01)--	2(N01)
o0903028	n	1(N28)--	1(N28)
o0903032	n	1(N29)-1(N29~a)-	1(N29~a)
o0903051	n	1(N30A)--	1(N30~a)
o0903100	n	2(N39)-2(N39~a)-	2(N39~a)
o0903016	n	1(N24)--	1(N24)
o0903032	n	1(N29)-1(N29~a)-	1(N29~a)
o0903053	n	1(N30C)--	1(N30~c)
o0902858	n	1(N01)--	1(N01)
o0903153	n	1(N46)--	1(N46)
o0900162	s	BARA₃--	BARA₃
o0903134	n	1(N45)--	1(N45)
o0900047	s	ABGAL--	ABGAL
o0900981	s	I--	I
o0901946	s	ŠE-ŠE~a-	ŠE~a
o0903134	n	1(N45)--	1(N45)
o0903222	n	2(N57)--	2(N57)
o0901946	s	ŠE-ŠE~a-	ŠE~a
o0901524	s	NIN--	NIN
o0900912	s	GU₇--	GU₇
o0902933	n	4(N14)--	4(N14)
o0902207	c	|U₄×2(N57)|--	|U₄×2(N57)|
o0901090	s	KI--	KI
o0900089	s	AN--	AN
o0902930	n	2(N14)--	2(N14)
o0901393	s	MUD--	MUD
o0901697	s	SAL--	SAL
o0900077	s	AMA-AMA~a-	AMA~a
o0903154	n	2(N46)--	2(N46)
o0902976	n	5(N19)--	5(N19)
o0902453	s	ZATU628-ZATU628~a-	ZATU628~a
o0902935	n	5(N14)-5(N14)~v1-	5(N14)
o0902818	s	ZATU850--	ZATU850
o0900912	s	GU₇--	GU₇
o0903061	n	2(N34)--	2(N34)
o0902937	n	6(N14)-6(N14)~v1-	6(N14)
o0900154	s	BAR--	BAR
o0900912	s	GU₇--	GU₇
o0903059	n	1(N34)--	1(N34)
o0902929	n	1(N14)--	1(N14)
o0901946	s	ŠE-ŠE~a-	ŠE~a
o0903153	n	1(N46)--	1(N46)
o0903154	n	2(N46)--	2(N46)
o0902976	n	5(N19)--	5(N19)
o0902859	n	2(N01)--	2(N01)
o0903023	n	1(N26)--	1(N26)
o0903022	n	1(N25)--	1(N25)
o0902859	n	2(N01)--	2(N01)
o0903368	s	X--	X
o0900779	s	GAR--	GAR
o0902859	n	2(N01)--	2(N01)
o0902631	s	ZATU726-ZATU726~d-	ZATU726~d
o0902859	n	2(N01)--	2(N01)
o0900920	s	GUG₂--	GUG₂
o0902859	n	2(N01)--	2(N01)
o0900296	s	DU₈-DU₈~c-	DU₈~c
o0903120	n	1(N42)-1(N42~a)-	1(N42~a)
o0902929	n	1(N14)--	1(N14)
o0903270	c	|6(N57).GAR|--	|6(N57).GAR|
o0903120	n	1(N42)-1(N42~a)-	1(N42~a)
o0902862	n	5(N01)--	5(N01)
o0900779	s	GAR--	GAR
o0903368	s	X--	X
o0903053	n	1(N30C)--	1(N30~c)
o0903368	s	X--	X
o0902858	n	1(N01)--	1(N01)
o0901916	s	ŠA@g--	ŠA@g
o0900920	s	GUG₂--	GUG₂
o0903051	n	1(N30A)--	1(N30~a)
o0902862	n	5(N01)--	5(N01)
o0900296	s	DU₈-DU₈~c-	DU₈~c
o0903053	n	1(N30C)--	1(N30~c)
o0902862	n	5(N01)--	5(N01)
o0901910	s	ŠA--	ŠA
o0903051	n	1(N30A)--	1(N30~a)
o0903120	n	1(N42)-1(N42~a)-	1(N42~a)
o0903022	n	1(N25)--	1(N25)
o0902613	s	ZATU714--	ZATU714
o0901392	s	MU--	MU
o0903032	n	1(N29)-1(N29~a)-	1(N29~a)
o0900217	s	DA-DA~a-	DA~a
o0902613	s	ZATU714--	ZATU714
o0903032	n	1(N29)-1(N29~a)-	1(N29~a)
o0903368	s	X--	X
o0902613	s	ZATU714--	ZATU714
o0900012	s	AB-AB~a-	AB~a
o0900089	s	AN--	AN
o0900912	s	GU₇--	GU₇
o0902894	n	1(N05)--	1(N05)
o0903120	n	1(N42)-1(N42~a)-	1(N42~a)
o0903123	n	2(N42)-2(N42~a)-	2(N42~a)
o0900976	s	HI@g-HI@g~a-	HI@g~a
o0903126	n	3(N42)-3(N42~a)-	3(N42~a)
o0903022	n	1(N25)--	1(N25)
o0901946	s	ŠE-ŠE~a-	ŠE~a
o0903022	n	1(N25)--	1(N25)
o0900920	s	GUG₂--	GUG₂
o0900912	s	GU₇--	GU₇
o0902164	c	|U₄.2(N08)|--	|U₄.2(N08)|
o0901879	s	SUG₅--	SUG₅
o0901677	s	SAG--	SAG
o0902929	n	1(N14)--	1(N14)
o0902860	n	3(N01)--	3(N01)
o0901407	s	MUN-MUN~a1-	MUN~a1
o0902859	n	2(N01)--	2(N01)
o0901525	s	NINDA₂--	NINDA₂
o0902862	n	5(N01)--	5(N01)
o0902207	c	|U₄×2(N57)|--	|U₄×2(N57)|
o0902859	n	2(N01)--	2(N01)
o0902206	c	|U₄×1(N57)|--	|U₄×1(N57)|
o0901158	s	KUR-KUR~a-	KUR~a
o0900082	s	AMAR--	AMAR
o0902863	n	6(N01)--	6(N01)
o0901697	s	SAL--	SAL
o0902859	n	2(N01)--	2(N01)
o0901128	s	KIŠ--	KIŠ
o0902929	n	1(N14)--	1(N14)
o0902864	n	7(N01)--	7(N01)
o0901918	s	ŠA₃-ŠA₃~a1-	ŠA₃~a1
o0902864	n	7(N01)--	7(N01)
o0902208	c	|U₄×3(N57)|--	|U₄×3(N57)|
o0902865	n	8(N01)--	8(N01)
o0902207	c	|U₄×2(N57)|--	|U₄×2(N57)|
o0902861	n	4(N01)--	4(N01)
o0902206	c	|U₄×1(N57)|--	|U₄×1(N57)|
o0901697	s	SAL--	SAL
o0900082	s	AMAR--	AMAR
o0902929	n	1(N14)--	1(N14)
o0902243	s	UDU-UDU~a-	UDU~a
o0902929	n	1(N14)--	1(N14)
o0902860	n	3(N01)--	3(N01)
o0901407	s	MUN-MUN~a1-	MUN~a1
o0902933	n	4(N14)--	4(N14)
o0902861	n	4(N01)--	4(N01)
o0901697	s	SAL--	SAL
o0902866	n	9(N01)--	9(N01)
o0901158	s	KUR-KUR~a-	KUR~a
o0902929	n	1(N14)--	1(N14)
o0902860	n	3(N01)--	3(N01)
o0901407	s	MUN-MUN~a1-	MUN~a1
o0902935	n	5(N14)-5(N14)~v1-	5(N14)
o0902860	n	3(N01)--	3(N01)
o0900301	c	|DU₈×AMAR|-|DU₈~c×AMAR|-	|DU₈~c×AMAR|
o0903059	n	1(N34)--	1(N34)
o0902863	n	6(N01)--	6(N01)
o0901128	s	KIŠ--	KIŠ
o0900729	s	GAL-GAL~a-	GAL~a
o0902864	n	7(N01)--	7(N01)
o0900960	s	HI--	HI
o0901078	s	KAŠ-KAŠ~a-	KAŠ~a
o0902859	n	2(N01)--	2(N01)
o0901090	s	KI--	KI
o0902859	n	2(N01)--	2(N01)
o0900806	s	GI--	GI
o0902865	n	8(N01)--	8(N01)
o0901078	s	KAŠ-KAŠ~a-	KAŠ~a
o0901697	s	SAL--	SAL
o0902859	n	2(N01)--	2(N01)
o0901090	s	KI--	KI
o0902864	n	7(N01)--	7(N01)
o0902860	n	3(N01)--	3(N01)
o0900806	s	GI--	GI
o0902864	n	7(N01)--	7(N01)
o0902860	n	3(N01)--	3(N01)
o0900806	s	GI--	GI
o0902863	n	6(N01)--	6(N01)
o0902859	n	2(N01)--	2(N01)
o0900115	s	BA--	BA
o0902859	n	2(N01)--	2(N01)
o0900806	s	GI--	GI
o0902864	n	7(N01)--	7(N01)
o0903368	s	X--	X
o0902859	n	2(N01)--	2(N01)
o0900115	s	BA--	BA
o0902858	n	1(N01)--	1(N01)
o0900806	s	GI--	GI
o0903059	n	1(N34)--	1(N34)
o0901187	s	LAGAB-LAGAB~b-	LAGAB~b
o0901078	s	KAŠ-KAŠ~a-	KAŠ~a
o0902933	n	4(N14)--	4(N14)
o0902859	n	2(N01)--	2(N01)
o0901078	s	KAŠ-KAŠ~a-	KAŠ~a
o0903368	s	X--	X
o0902932	n	3(N14)--	3(N14)
o0902865	n	8(N01)--	8(N01)
o0900912	s	GU₇--	GU₇
o0902861	n	4(N01)--	4(N01)
o0901090	s	KI--	KI
o0902929	n	1(N14)--	1(N14)
o0902865	n	8(N01)--	8(N01)
o0901078	s	KAŠ-KAŠ~a-	KAŠ~a
o0903368	s	X--	X
o0902861	n	4(N01)--	4(N01)
o0900115	s	BA--	BA
o0902929	n	1(N14)--	1(N14)
o0902861	n	4(N01)--	4(N01)
o0900806	s	GI--	GI
o0902862	n	5(N01)--	5(N01)
o0901771	s	SIG₇--	SIG₇
o0900215	s	BUR₂--	BUR₂
o0902930	n	2(N14)--	2(N14)
o0901639	s	PAP-PAP~a-	PAP~a
o0900956	s	HAL--	HAL
o0903368	s	X--	X
o0901677	s	SAG--	SAG
o0902930	n	2(N14)--	2(N14)
o0902860	n	3(N01)--	3(N01)
o0901145	s	KU₆-KU₆~a-	KU₆~a
o0902863	n	6(N01)--	6(N01)
o0902309	s	UR₂--	UR₂
o0901670	s	RU--	RU
o0902862	n	5(N01)--	5(N01)
o0902157	s	U₂-U₂~b-	U₂~b
o0901670	s	RU--	RU
o0903059	n	1(N34)--	1(N34)
o0902930	n	2(N14)--	2(N14)
o0901639	s	PAP-PAP~a-	PAP~a
o0902060	s	ŠUBUR--	ŠUBUR
o0902930	n	2(N14)--	2(N14)
o0901393	s	MUD--	MUD
o0902302	s	UR-UR~a-	UR~a
o0902706	s	ZATU756--	ZATU756
o0903061	n	2(N34)--	2(N34)
o0902930	n	2(N14)--	2(N14)
o0902862	n	5(N01)--	5(N01)
o0901677	s	SAG--	SAG
o0902227	s	UB--	UB
o0903059	n	1(N34)--	1(N34)
o0902933	n	4(N14)--	4(N14)
o0902862	n	5(N01)--	5(N01)
o0900956	s	HAL--	HAL
o0900115	s	BA--	BA
o0902933	n	4(N14)--	4(N14)
o0902929	n	1(N14)--	1(N14)
o0902858	n	1(N01)--	1(N01)
o0901407	s	MUN-MUN~a1-	MUN~a1
o0902861	n	4(N01)--	4(N01)
o0900154	s	BAR--	BAR
o0902860	n	3(N01)--	3(N01)
o0901525	s	NINDA₂--	NINDA₂
o0902861	n	4(N01)--	4(N01)
o0902208	c	|U₄×3(N57)|--	|U₄×3(N57)|
o0902860	n	3(N01)--	3(N01)
o0902206	c	|U₄×1(N57)|--	|U₄×1(N57)|
o0901158	s	KUR-KUR~a-	KUR~a
o0900082	s	AMAR--	AMAR
o0902861	n	4(N01)--	4(N01)
o0901697	s	SAL--	SAL
o0902930	n	2(N14)--	2(N14)
o0902861	n	4(N01)--	4(N01)
o0901918	s	ŠA₃-ŠA₃~a1-	ŠA₃~a1
o0902862	n	5(N01)--	5(N01)
o0902208	c	|U₄×3(N57)|--	|U₄×3(N57)|
o0902860	n	3(N01)--	3(N01)
o0902207	c	|U₄×2(N57)|--	|U₄×2(N57)|
o0902929	n	1(N14)--	1(N14)
o0901697	s	SAL--	SAL
o0900082	s	AMAR--	AMAR
o0902206	c	|U₄×1(N57)|--	|U₄×1(N57)|
o0902243	s	UDU-UDU~a-	UDU~a
o0902929	n	1(N14)--	1(N14)
o0902862	n	5(N01)--	5(N01)
o0901407	s	MUN-MUN~a1-	MUN~a1
o0902933	n	4(N14)--	4(N14)
o0902863	n	6(N01)--	6(N01)
o0901697	s	SAL--	SAL
o0902929	n	1(N14)--	1(N14)
o0901158	s	KUR-KUR~a-	KUR~a
o0902929	n	1(N14)--	1(N14)
o0902862	n	5(N01)--	5(N01)
o0901407	s	MUN-MUN~a1-	MUN~a1
o0902935	n	5(N14)-5(N14)~v1-	5(N14)
o0902863	n	6(N01)--	6(N01)
o0900301	c	|DU₈×AMAR|-|DU₈~c×AMAR|-	|DU₈~c×AMAR|
o0903059	n	1(N34)--	1(N34)
o0902929	n	1(N14)--	1(N14)
o0902858	n	1(N01)--	1(N01)
o0901128	s	KIŠ--	KIŠ
o0901525	s	NINDA₂--	NINDA₂
o0903368	s	X--	X
o0903368	s	X--	X
o0902933	n	4(N14)--	4(N14)
o0903280	n	1(N58)--	1(N58)
o0903063	n	4(N34)--	4(N34)
o0903210	n	1(N57)--	1(N57)
o0902935	n	5(N14)-5(N14)~v1-	5(N14)
o0903005	n	1(N22)--	1(N22)
o0900778	s	GAN₂--	GAN₂
o0903006	n	2(N22)--	2(N22)
o0903368	s	X--	X
o0903006	n	2(N22)--	2(N22)
o0903368	s	X--	X
o0902932	n	3(N14)--	3(N14)
o0903006	n	2(N22)--	2(N22)
o0900513	s	EN-EN~a-	EN~a
o0903005	n	1(N22)--	1(N22)
o0901697	s	SAL--	SAL
o0900494	s	E₂-E₂~b-	E₂~b
o0902935	n	5(N14)-5(N14)~v1-	5(N14)
o0903006	n	2(N22)--	2(N22)
o0902922	n	8(N08)--	8(N08)
o0900778	s	GAN₂--	GAN₂
o0902858	n	1(N01)--	1(N01)
o0902922	n	8(N08)--	8(N08)
o0900154	s	BAR--	BAR
o0903005	n	1(N22)--	1(N22)
o0902860	n	3(N01)--	3(N01)
o0901955	c	|ŠE.NAM₂|-|ŠE~a.NAM₂|-	|ŠE~a.NAM₂|
o0902935	n	5(N14)-5(N14)~v1-	5(N14)
o0902859	n	2(N01)--	2(N01)
o0901611	c	|NUN+NAM₂|-|NUN~a+NAM₂|-	|NUN~a+NAM₂|
o0902932	n	3(N14)--	3(N14)
o0900279	s	DU--	DU
o0901904	s	SUM-SUM~b-	SUM~b
o0902929	n	1(N14)--	1(N14)
o0903005	n	1(N22)--	1(N22)
o0902860	n	3(N01)--	3(N01)
o0901639	s	PAP-PAP~a-	PAP~a
o0901426	s	MUŠEN--	MUŠEN
o0903005	n	1(N22)--	1(N22)
o0902860	n	3(N01)--	3(N01)
o0901986	s	ŠEŠ-ŠEŠ~a-	ŠEŠ~a
o0901697	s	SAL--	SAL
o0900494	s	E₂-E₂~b-	E₂~b
o0903005	n	1(N22)--	1(N22)
o0902860	n	3(N01)--	3(N01)
o0901990	s	ŠIDIM--	ŠIDIM
o0903005	n	1(N22)--	1(N22)
o0902860	n	3(N01)--	3(N01)
o0900513	s	EN-EN~a-	EN~a
o0900279	s	DU--	DU
o0900177	s	BU-BU~b-	BU~b
o0902711	s	ZATU759--	ZATU759
o0902935	n	5(N14)-5(N14)~v1-	5(N14)
o0901724	s	SI--	SI
o0901380	s	ME-ME~a-	ME~a
o0902935	n	5(N14)-5(N14)~v1-	5(N14)
o0903006	n	2(N22)--	2(N22)
o0902922	n	8(N08)--	8(N08)
o0900064	s	AL--	AL
o0902935	n	5(N14)-5(N14)~v1-	5(N14)
o0902861	n	4(N01)--	4(N01)
o0903280	n	1(N58)--	1(N58)
o0903062	n	3(N34)--	3(N34)
o0903210	n	1(N57)--	1(N57)
o0901724	s	SI--	SI
o0901380	s	ME-ME~a-	ME~a
o0902932	n	3(N14)--	3(N14)
o0902865	n	8(N01)--	8(N01)
o0903280	n	1(N58)--	1(N58)
o0901611	c	|NUN+NAM₂|-|NUN~a+NAM₂|-	|NUN~a+NAM₂|
o0901090	s	KI--	KI
o0903062	n	3(N34)--	3(N34)
o0903210	n	1(N57)--	1(N57)
o0901990	s	ŠIDIM--	ŠIDIM
o0902933	n	4(N14)--	4(N14)
o0902863	n	6(N01)--	6(N01)
o0903280	n	1(N58)--	1(N58)
o0903062	n	3(N34)--	3(N34)
o0903210	n	1(N57)--	1(N57)
o0902933	n	4(N14)--	4(N14)
o0903005	n	1(N22)--	1(N22)
o0902861	n	4(N01)--	4(N01)
o0902922	n	8(N08)--	8(N08)
o0900000	s	A--	A
o0900778	s	GAN₂--	GAN₂
o0902930	n	2(N14)--	2(N14)
o0902859	n	2(N01)--	2(N01)
o0903280	n	1(N58)--	1(N58)
o0903059	n	1(N34)--	1(N34)
o0902933	n	4(N14)--	4(N14)
o0903210	n	1(N57)--	1(N57)
o0902929	n	1(N14)--	1(N14)
o0902861	n	4(N01)--	4(N01)
o0903368	s	X--	X
o0900778	s	GAN₂--	GAN₂
o0902860	n	3(N01)--	3(N01)
o0901639	s	PAP-PAP~a-	PAP~a
o0903215	c	|1(N57).MUŠEN|--	|1(N57).MUŠEN|
o0902860	n	3(N01)--	3(N01)
o0901625	s	PA-PA~a-	PA~a
o0902861	n	4(N01)--	4(N01)
o0901039	s	KA₂-KA₂~b-	KA₂~b
o0902858	n	1(N01)--	1(N01)
o0900064	s	AL--	AL
o0902859	n	2(N01)--	2(N01)
o0900093	s	ANŠE-ANŠE~a-	ANŠE~a
o0903368	s	X--	X
o0902859	n	2(N01)--	2(N01)
o0900082	s	AMAR--	AMAR
o0902929	n	1(N14)--	1(N14)
o0902862	n	5(N01)--	5(N01)
o0901639	s	PAP-PAP~a-	PAP~a
o0903215	c	|1(N57).MUŠEN|--	|1(N57).MUŠEN|
o0900513	s	EN-EN~a-	EN~a
o0900983	s	IB-IB~a-	IB~a
o0902858	n	1(N01)--	1(N01)
o0900064	s	AL--	AL
o0902861	n	4(N01)--	4(N01)
o0902139	s	TUR--	TUR
o0902929	n	1(N14)--	1(N14)
o0901697	s	SAL--	SAL
o0902859	n	2(N01)--	2(N01)
o0903022	n	1(N25)--	1(N25)
o0903032	n	1(N29)-1(N29~a)-	1(N29~a)
o0902859	n	2(N01)--	2(N01)
o0900296	s	DU₈-DU₈~c-	DU₈~c
o0903026	n	1(N27)--	1(N27)
o0902859	n	2(N01)--	2(N01)
o0900309	s	DU₈@g-DU₈~c@g-	DU₈~c@g
o0903026	n	1(N27)--	1(N27)
o0902860	n	3(N01)--	3(N01)
o0902631	s	ZATU726-ZATU726~d-	ZATU726~d
o0903026	n	1(N27)--	1(N27)
o0902862	n	5(N01)--	5(N01)
o0902161	s	U₄--	U₄
o0900779	s	GAR--	GAR
o0903032	n	1(N29)-1(N29~a)-	1(N29~a)
o0902863	n	6(N01)--	6(N01)
o0901145	s	KU₆-KU₆~a-	KU₆~a
o0902139	s	TUR--	TUR
o0900779	s	GAR--	GAR
o0903053	n	1(N30C)--	1(N30~c)
o0903032	n	1(N29)-1(N29~a)-	1(N29~a)
o0901916	s	ŠA@g--	ŠA@g
o0902858	n	1(N01)--	1(N01)
o0900920	s	GUG₂--	GUG₂
o0901677	s	SAG--	SAG
o0902929	n	1(N14)--	1(N14)
o0900309	s	DU₈@g-DU₈~c@g-	DU₈~c@g
o0902929	n	1(N14)--	1(N14)
o0902859	n	2(N01)--	2(N01)
o0900779	s	GAR--	GAR
o0903053	n	1(N30C)--	1(N30~c)
o0903097	n	1(N39)-1(N39~a)-	1(N39~a)
o0903016	n	1(N24)--	1(N24)
o0901946	s	ŠE-ŠE~a-	ŠE~a
o0903120	n	1(N42)-1(N42~a)-	1(N42~a)
o0902930	n	2(N14)--	2(N14)
o0903265	c	|5(N57).GAR|--	|5(N57).GAR|
o0903097	n	1(N39)-1(N39~a)-	1(N39~a)
o0901946	s	ŠE-ŠE~a-	ŠE~a
o0902860	n	3(N01)--	3(N01)
o0903120	n	1(N42)-1(N42~a)-	1(N42~a)
o0902859	n	2(N01)--	2(N01)
o0900331	s	DUG-DUG~a-	DUG~a
o0903097	n	1(N39)-1(N39~a)-	1(N39~a)
o0902929	n	1(N14)--	1(N14)
o0901078	s	KAŠ-KAŠ~a-	KAŠ~a
o0902161	s	U₄--	U₄
o0900976	s	HI@g-HI@g~a-	HI@g~a
o0902859	n	2(N01)--	2(N01)
o0901187	s	LAGAB-LAGAB~b-	LAGAB~b
o0901078	s	KAŠ-KAŠ~a-	KAŠ~a
o0901946	s	ŠE-ŠE~a-	ŠE~a
o0902861	n	4(N01)--	4(N01)
o0902884	n	1(N04)--	1(N04)
o0902858	n	1(N01)--	1(N01)
o0900296	s	DU₈-DU₈~c-	DU₈~c
o0903051	n	1(N30A)--	1(N30~a)
o0902859	n	2(N01)--	2(N01)
o0902631	s	ZATU726-ZATU726~d-	ZATU726~d
o0903051	n	1(N30A)--	1(N30~a)
o0902859	n	2(N01)--	2(N01)
o0902161	s	U₄--	U₄
o0900779	s	GAR--	GAR
o0903051	n	1(N30A)--	1(N30~a)
o0902929	n	1(N14)--	1(N14)
o0901951	c	|ŠE.GAR|-|ŠE~a.GAR|-	|ŠE~a.GAR|
o0903097	n	1(N39)-1(N39~a)-	1(N39~a)
o0903032	n	1(N29)-1(N29~a)-	1(N29~a)
o0901916	s	ŠA@g--	ŠA@g
o0902859	n	2(N01)--	2(N01)
o0900920	s	GUG₂--	GUG₂
o0901677	s	SAG--	SAG
o0902863	n	6(N01)--	6(N01)
o0901145	s	KU₆-KU₆~a-	KU₆~a
o0900779	s	GAR--	GAR
o0903032	n	1(N29)-1(N29~a)-	1(N29~a)
o0901916	s	ŠA@g--	ŠA@g
o0903097	n	1(N39)-1(N39~a)-	1(N39~a)
o0903016	n	1(N24)--	1(N24)
o0902991	n	1(N20)--	1(N20)
o0902896	n	3(N05)--	3(N05)
o0903126	n	3(N42)-3(N42~a)-	3(N42~a)
o0903032	n	1(N29)-1(N29~a)-	1(N29~a)
o0900976	s	HI@g-HI@g~a-	HI@g~a
o0901946	s	ŠE-ŠE~a-	ŠE~a
o0902895	n	2(N05)--	2(N05)
o0903123	n	2(N42)-2(N42~a)-	2(N42~a)
o0900976	s	HI@g-HI@g~a-	HI@g~a
o0902929	n	1(N14)--	1(N14)
o0902858	n	1(N01)--	1(N01)
o0903032	n	1(N29)-1(N29~a)-	1(N29~a)
o0901946	s	ŠE-ŠE~a-	ŠE~a
o0902883	n	5(N03)--	5(N03)
o0902182	c	|U₄×2(N01)|--	|U₄×2(N01)|
o0900912	s	GU₇--	GU₇
o0903174	n	1(N50)--	1(N50)
o0903368	s	X--	X
o0900983	s	IB-IB~a-	IB~a
o0901724	s	SI--	SI
o0903174	n	1(N50)--	1(N50)
o0903005	n	1(N22)--	1(N22)
o0902859	n	2(N01)--	2(N01)
o0902912	n	2(N08)--	2(N08)
o0902862	n	5(N01)--	5(N01)
o0902922	n	8(N08)--	8(N08)
o0900983	s	IB-IB~a-	IB~a
o0903006	n	2(N22)--	2(N22)
o0902860	n	3(N01)--	3(N01)
o0902929	n	1(N14)--	1(N14)
o0903005	n	1(N22)--	1(N22)
o0900012	s	AB-AB~a-	AB~a
o0900493	s	E₂-E₂~a-	E₂~a
o0902929	n	1(N14)--	1(N14)
o0903006	n	2(N22)--	2(N22)
o0903368	s	X--	X
o0903005	n	1(N22)--	1(N22)
o0902860	n	3(N01)--	3(N01)
o0900012	s	AB-AB~a-	AB~a
o0903005	n	1(N22)--	1(N22)
o0902860	n	3(N01)--	3(N01)
o0903368	s	X--	X
o0903005	n	1(N22)--	1(N22)
o0903175	n	2(N50)--	2(N50)
o0902939	n	8(N14)--	8(N14)
o0902861	n	4(N01)--	4(N01)
o0903234	n	3(N57)--	3(N57)
o0901946	s	ŠE-ŠE~a-	ŠE~a
o0901709	s	SANGA-SANGA~a-	SANGA~a
o0901128	s	KIŠ--	KIŠ
o0901187	s	LAGAB-LAGAB~b-	LAGAB~b
o0902858	n	1(N01)--	1(N01)
o0903368	s	X--	X
o0902858	n	1(N01)--	1(N01)
o0901609	c	|NUN+EN|-|NUN~b+EN~a|-	|EN~a+NUN~b|
o0902929	n	1(N14)--	1(N14)
o0900287	s	DU₆-DU₆~b-	DU₆~b
o0902929	n	1(N14)--	1(N14)
o0902161	s	U₄--	U₄
o0900779	s	GAR--	GAR
o0902858	n	1(N01)--	1(N01)
o0900296	s	DU₈-DU₈~c-	DU₈~c
o0900912	s	GU₇--	GU₇
o0903188	n	1(N51)--	1(N51)
o0900779	s	GAR--	GAR
o0900296	s	DU₈-DU₈~c-	DU₈~c
o0902929	n	1(N14)--	1(N14)
o0902866	n	9(N01)--	9(N01)
o0902161	s	U₄--	U₄
o0900779	s	GAR--	GAR
o0902930	n	2(N14)--	2(N14)
o0902861	n	4(N01)--	4(N01)
o0902932	n	3(N14)--	3(N14)
o0902865	n	8(N01)--	8(N01)
o0900912	s	GU₇--	GU₇
o0903059	n	1(N34)--	1(N34)
o0902930	n	2(N14)--	2(N14)
o0902859	n	2(N01)--	2(N01)
o0900779	s	GAR--	GAR
o0902858	n	1(N01)--	1(N01)
o0900729	s	GAL-GAL~a-	GAL~a
o0901516	s	NIM-NIM~a-	NIM~a
o0902858	n	1(N01)--	1(N01)
o0900513	s	EN-EN~a-	EN~a
o0900513	s	EN-EN~a-	EN~a
o0902858	n	1(N01)--	1(N01)
o0900778	s	GAN₂--	GAN₂
o0900870	s	GIR₃@g-GIR₃@g~b-	GIR₃@g~b
o0900839	s	GIBIL--	GIBIL
o0902858	n	1(N01)--	1(N01)
o0901656	s	PU₂--	PU₂
o0903368	s	X--	X
o0902858	n	1(N01)--	1(N01)
o0900729	s	GAL-GAL~a-	GAL~a
o0900908	s	GU₄--	GU₄
o0902858	n	1(N01)--	1(N01)
o0901521	s	NIMGIR--	NIMGIR
o0902858	n	1(N01)--	1(N01)
o0900513	s	EN-EN~a-	EN~a
o0900100	s	APIN-APIN~a-	APIN~a
o0902858	n	1(N01)--	1(N01)
o0901697	s	SAL--	SAL
o0902293	s	UNUG-UNUG~a-	UNUG~a
o0901262	s	LAGAR-LAGAR~a-	LAGAR~a
o0902858	n	1(N01)--	1(N01)
o0900729	s	GAL-GAL~a-	GAL~a
o0901709	s	SANGA-SANGA~a-	SANGA~a
o0901709	s	SANGA-SANGA~a-	SANGA~a
o0902858	n	1(N01)--	1(N01)
o0900513	s	EN-EN~a-	EN~a
o0901592	s	NUN-NUN~a-	NUN~a
o0900870	s	GIR₃@g-GIR₃@g~b-	GIR₃@g~b
o0901483	s	NE-NE~a-	NE~a
o0901380	s	ME-ME~a-	ME~a
o0901090	s	KI--	KI
o0902858	n	1(N01)--	1(N01)
o0900503	c	|E₂×1(N58@t)|-|E₂~a×1(N58@t)|-	|E₂~a×1(N57)@t|
o0901448	s	NAB--	NAB
o0900260	s	DI--	DI
o0902858	n	1(N01)--	1(N01)
o0900089	s	AN--	AN
o0901962	s	ŠE₃--	ŠE₃
o0900493	s	E₂-E₂~a-	E₂~a
o0902858	n	1(N01)--	1(N01)
o0901468	s	NAM₂--	NAM₂
o0901090	s	KI--	KI
o0901670	s	RU--	RU
o0900000	s	A--	A
o0902929	n	1(N14)--	1(N14)
o0901380	s	ME-ME~a-	ME~a
o0901090	s	KI--	KI
o0901483	s	NE-NE~a-	NE~a
o0902860	n	3(N01)--	3(N01)
o0901670	s	RU--	RU
o0900000	s	A--	A
o0902929	n	1(N14)--	1(N14)
o0902860	n	3(N01)--	3(N01)
o0900279	s	DU--	DU
o0901090	s	KI--	KI
o0900175	s	BU-BU~a-	BU~a
o0900806	s	GI--	GI
o0900503	c	|E₂×1(N58@t)|-|E₂~a×1(N58@t)|-	|E₂~a×1(N57)@t|
o0901625	s	PA-PA~a-	PA~a
o0901142	s	KU₃-KU₃~a-	KU₃~a
o0900000	s	A--	A
o0900890	s	GIŠ₃-GIŠ₃~b-	GIŠ₃~b
o0902859	n	2(N01)--	2(N01)
o0900493	s	E₂-E₂~a-	E₂~a
o0902859	n	2(N01)--	2(N01)
o0902007	s	ŠITA-ŠITA~b1-	ŠITA~b1
o0900331	s	DUG-DUG~a-	DUG~a
o0902858	n	1(N01)--	1(N01)
o0900394	c	|DUG×1(N57)|-|DUG~a×1(N57)|-	|DUG~a×1(N57)|
o0900012	s	AB-AB~a-	AB~a
o0902859	n	2(N01)--	2(N01)
o0902007	s	ŠITA-ŠITA~b1-	ŠITA~b1
o0900331	s	DUG-DUG~a-	DUG~a
o0902858	n	1(N01)--	1(N01)
o0900545	s	ERIN--	ERIN
o0901419	s	MUŠ₃-MUŠ₃~a-	MUŠ₃~a
o0902859	n	2(N01)--	2(N01)
o0902858	n	1(N01)--	1(N01)
o0902626	s	ZATU725--	ZATU725
o0902859	n	2(N01)--	2(N01)
o0902007	s	ŠITA-ŠITA~b1-	ŠITA~b1
o0900331	s	DUG-DUG~a-	DUG~a
o0901078	s	KAŠ-KAŠ~a-	KAŠ~a
o0902161	s	U₄--	U₄
o0902858	n	1(N01)--	1(N01)
o0901115	s	KISAL-KISAL~b1-	KISAL~b1
o0900552	s	EZEN-EZEN~b-	EZEN~b
o0902859	n	2(N01)--	2(N01)
o0900503	c	|E₂×1(N58@t)|-|E₂~a×1(N58@t)|-	|E₂~a×1(N57)@t|
o0902860	n	3(N01)--	3(N01)
o0901881	s	SUHUR--	SUHUR
o0900331	s	DUG-DUG~a-	DUG~a
o0902859	n	2(N01)--	2(N01)
o0900394	c	|DUG×1(N57)|-|DUG~a×1(N57)|-	|DUG~a×1(N57)|
o0902859	n	2(N01)--	2(N01)
o0901724	s	SI--	SI
o0902858	n	1(N01)--	1(N01)
o0903368	s	X--	X
o0902858	n	1(N01)--	1(N01)
o0900012	s	AB-AB~a-	AB~a
o0902860	n	3(N01)--	3(N01)
o0900494	s	E₂-E₂~b-	E₂~b
o0900729	s	GAL-GAL~a-	GAL~a
o0902004	s	ŠITA-ŠITA~a1-	ŠITA~a1
o0902858	n	1(N01)--	1(N01)
o0900778	s	GAN₂--	GAN₂
o0901724	s	SI--	SI
o0902858	n	1(N01)--	1(N01)
o0902007	s	ŠITA-ŠITA~b1-	ŠITA~b1
o0901746	s	SIG--	SIG
o0902858	n	1(N01)--	1(N01)
o0902418	s	ZABALAM-ZABALAM~a-	ZABALAM~a
o0902261	s	UKKIN-UKKIN~a-	UKKIN~a
o0900077	s	AMA-AMA~a-	AMA~a
o0900912	s	GU₇--	GU₇
o0902929	n	1(N14)--	1(N14)
o0902007	s	ŠITA-ŠITA~b1-	ŠITA~b1
o0900331	s	DUG-DUG~a-	DUG~a
o0902865	n	8(N01)--	8(N01)
o0900912	s	GU₇--	GU₇
o0902859	n	2(N01)--	2(N01)
o0900115	s	BA--	BA
o0902929	n	1(N14)--	1(N14)
o0901078	s	KAŠ-KAŠ~a-	KAŠ~a
o0902161	s	U₄--	U₄
o0902862	n	5(N01)--	5(N01)
o0900912	s	GU₇--	GU₇
o0902862	n	5(N01)--	5(N01)
o0900115	s	BA--	BA
o0902932	n	3(N14)--	3(N14)
o0901187	s	LAGAB-LAGAB~b-	LAGAB~b
o0901078	s	KAŠ-KAŠ~a-	KAŠ~a
o0901946	s	ŠE-ŠE~a-	ŠE~a
o0902929	n	1(N14)--	1(N14)
o0902865	n	8(N01)--	8(N01)
o0900912	s	GU₇--	GU₇
o0902929	n	1(N14)--	1(N14)
o0902860	n	3(N01)--	3(N01)
o0900115	s	BA--	BA
o0902859	n	2(N01)--	2(N01)
o0903107	n	4(N39)-4(N39~a)-	4(N39~a)
o0902182	c	|U₄×2(N01)|--	|U₄×2(N01)|
o0901145	s	KU₆-KU₆~a-	KU₆~a
o0902309	s	UR₂--	UR₂
o0901659	s	RAD-RAD~a-	RAD~a
o0903100	n	2(N39)-2(N39~a)-	2(N39~a)
o0903023	n	1(N26)--	1(N26)
o0902168	c	|U₄.6(N08)|--	|U₄.6(N08)|
o0902859	n	2(N01)--	2(N01)
o0903100	n	2(N39)-2(N39~a)-	2(N39~a)
o0902182	c	|U₄×2(N01)|--	|U₄×2(N01)|
o0903032	n	1(N29)-1(N29~a)-	1(N29~a)
o0902219	c	|U₄+1(N24)|--	|U₄+1(N24)|
o0903107	n	4(N39)-4(N39~a)-	4(N39~a)
o0903032	n	1(N29)-1(N29~a)-	1(N29~a)
o0902188	c	|U₄×4(N01)|--	|U₄×4(N01)|
o0900552	s	EZEN-EZEN~b-	EZEN~b
o0902219	c	|U₄+1(N24)|--	|U₄+1(N24)|
o0900154	s	BAR--	BAR
o0902930	n	2(N14)--	2(N14)
o0902860	n	3(N01)--	3(N01)
o0900513	s	EN-EN~a-	EN~a
o0901452	s	NAGA-NAGA~a-	NAGA~a
o0902930	n	2(N14)--	2(N14)
o0902180	c	|U₄×(1(N01).1(N24))|--	|U₄×1(N01)+1(N24)|
o0900552	s	EZEN-EZEN~b-	EZEN~b
o0900154	s	BAR--	BAR
o0902858	n	1(N01)--	1(N01)
o0903104	n	3(N39)-3(N39~a)-	3(N39~a)
o0903047	n	1(N30~b)--	1(N30~b)
o0901524	s	NIN--	NIN
o0903032	n	1(N29)-1(N29~a)-	1(N29~a)
o0902858	n	1(N01)--	1(N01)
o0903104	n	3(N39)-3(N39~a)-	3(N39~a)
o0900912	s	GU₇--	GU₇
o0902858	n	1(N01)--	1(N01)
o0903097	n	1(N39)-1(N39~a)-	1(N39~a)
o0903368	s	X--	X
o0902859	n	2(N01)--	2(N01)
o0903104	n	3(N39)-3(N39~a)-	3(N39~a)
o0901158	s	KUR-KUR~a-	KUR~a
o0901000	s	IM-IM~a-	IM~a
o0903100	n	2(N39)-2(N39~a)-	2(N39~a)
o0903016	n	1(N24)--	1(N24)
o0901158	s	KUR-KUR~a-	KUR~a
o0903368	s	X--	X
o0903097	n	1(N39)-1(N39~a)-	1(N39~a)
o0902243	s	UDU-UDU~a-	UDU~a
o0902699	s	ZATU752--	ZATU752
o0903016	n	1(N24)--	1(N24)
o0901697	s	SAL--	SAL
o0901070	s	KALAM-KALAM~h2-	KALAM~h2
o0903016	n	1(N24)--	1(N24)
o0901697	s	SAL--	SAL
o0901393	s	MUD--	MUD
o0902327	s	UR₅-UR₅~a-	UR₅~a
o0903104	n	3(N39)-3(N39~a)-	3(N39~a)
o0901184	s	LA₂--	LA₂
o0901879	s	SUG₅--	SUG₅
o0903016	n	1(N24)--	1(N24)
o0903053	n	1(N30C)--	1(N30~c)
o0900493	s	E₂-E₂~a-	E₂~a
o0900175	s	BU-BU~a-	BU~a
o0903100	n	2(N39)-2(N39~a)-	2(N39~a)
o0900212	s	BUR-BUR~b-	BUR~b
o0900552	s	EZEN-EZEN~b-	EZEN~b
o0901697	s	SAL--	SAL
o0903100	n	2(N39)-2(N39~a)-	2(N39~a)
o0900217	s	DA-DA~a-	DA~a
o0900493	s	E₂-E₂~a-	E₂~a
o0903032	n	1(N29)-1(N29~a)-	1(N29~a)
o0901737	c	|SI+AN|--	|SI+AN|
o0903032	n	1(N29)-1(N29~a)-	1(N29~a)
o0903210	n	1(N57)--	1(N57)
o0901524	s	NIN--	NIN
o0903032	n	1(N29)-1(N29~a)-	1(N29~a)
o0901697	s	SAL--	SAL
o0901158	s	KUR-KUR~a-	KUR~a
o0900000	s	A--	A
o0900012	s	AB-AB~a-	AB~a
o0903097	n	1(N39)-1(N39~a)-	1(N39~a)
o0901524	s	NIN--	NIN
o0903097	n	1(N39)-1(N39~a)-	1(N39~a)
o0903368	s	X--	X
o0903053	n	1(N30C)--	1(N30~c)
o0903023	n	1(N26)--	1(N26)
o0901158	s	KUR-KUR~a-	KUR~a
o0903368	s	X--	X
o0901614	s	NUNUZ-NUNUZ~a1-	NUNUZ~a1
o0902860	n	3(N01)--	3(N01)
o0903107	n	4(N39)-4(N39~a)-	4(N39~a)
o0903016	n	1(N24)--	1(N24)
o0902033	s	ŠU--	ŠU
o0902327	s	UR₅-UR₅~a-	UR₅~a
o0901946	s	ŠE-ŠE~a-	ŠE~a
o0903097	n	1(N39)-1(N39~a)-	1(N39~a)
o0903016	n	1(N24)--	1(N24)
o0903028	n	1(N28)--	1(N28)
o0903032	n	1(N29)-1(N29~a)-	1(N29~a)
o0902859	n	2(N01)--	2(N01)
o0903100	n	2(N39)-2(N39~a)-	2(N39~a)
o0900513	s	EN-EN~a-	EN~a
o0900175	s	BU-BU~a-	BU~a
o0901946	s	ŠE-ŠE~a-	ŠE~a
o0903016	n	1(N24)--	1(N24)
o0900279	s	DU--	DU
o0902302	s	UR-UR~a-	UR~a
o0903104	n	3(N39)-3(N39~a)-	3(N39~a)
o0902033	s	ŠU--	ŠU
o0900778	s	GAN₂--	GAN₂
o0900100	s	APIN-APIN~a-	APIN~a
o0903118	n	4(N41)--	4(N41)
o0903037	n	2(N29)-2(N29~a)-	2(N29~a)
o0902180	c	|U₄×(1(N01).1(N24))|--	|U₄×(1(N01).1(N24))|
o0902188	c	|U₄×4(N01)|--	|U₄×4(N01)|
o0900154	s	BAR--	BAR
o0900552	s	EZEN-EZEN~b-	EZEN~b
o0902886	n	3(N04)--	3(N04)
o0903115	n	1(N41)--	1(N41)
o0903336	n	1(N24)-1(N24B)-	1(N24~b)
o0900912	s	GU₇--	GU₇
o0902885	n	2(N04)--	2(N04)
o0902060	s	ŠUBUR--	ŠUBUR
o0902886	n	3(N04)--	3(N04)
o0902339	s	URU-URU~a1-	URU~a1
o0902257	s	UH₃-UH₃~b-	UH₃~b
o0902886	n	3(N04)--	3(N04)
o0900012	s	AB-AB~a-	AB~a
o0902886	n	3(N04)--	3(N04)
o0903116	n	2(N41)--	2(N41)
o0900217	s	DA-DA~a-	DA~a
o0901625	s	PA-PA~a-	PA~a
o0902974	n	3(N19)--	3(N19)
o0902886	n	3(N04)--	3(N04)
o0901589	s	NUMUN--	NUMUN
o0902972	n	1(N19)--	1(N19)
o0900552	s	EZEN-EZEN~b-	EZEN~b
o0902339	s	URU-URU~a1-	URU~a1
o0902219	c	|U₄+1(N24)|--	|U₄+1(N24)|
o0900154	s	BAR--	BAR
o0902972	n	1(N19)--	1(N19)
o0902885	n	2(N04)--	2(N04)
o0903116	n	2(N41)--	2(N41)
o0902884	n	1(N04)--	1(N04)
o0902884	n	1(N04)--	1(N04)
o0901483	s	NE-NE~a-	NE~a
o0902327	s	UR₅-UR₅~a-	UR₅~a
o0901946	s	ŠE-ŠE~a-	ŠE~a
o0903116	n	2(N41)--	2(N41)
o0902139	s	TUR--	TUR
o0903368	s	X--	X
o0900494	s	E₂-E₂~b-	E₂~b
o0903115	n	1(N41)--	1(N41)
o0901697	s	SAL--	SAL
o0902699	s	ZATU752--	ZATU752
o0902884	n	1(N04)--	1(N04)
o0900912	s	GU₇--	GU₇
o0902972	n	1(N19)--	1(N19)
o0902887	n	4(N04)--	4(N04)
o0903368	s	X--	X
o0903137	n	2(N45)--	2(N45)
o0902858	n	1(N01)--	1(N01)
o0903104	n	3(N39)-3(N39~a)-	3(N39~a)
o0903016	n	1(N24)--	1(N24)
o0903028	n	1(N28)--	1(N28)
o0903032	n	1(N29)-1(N29~a)-	1(N29~a)
o0903053	n	1(N30C)--	1(N30~c)
o0901946	s	ŠE-ŠE~a-	ŠE~a
o0902939	n	8(N14)--	8(N14)
o0902859	n	2(N01)--	2(N01)
o0903107	n	4(N39)-4(N39~a)-	4(N39~a)
o0903032	n	1(N29)-1(N29~a)-	1(N29~a)
o0903051	n	1(N30A)--	1(N30~a)
o0901946	s	ŠE-ŠE~a-	ŠE~a
o0903153	n	1(N46)--	1(N46)
o0903118	n	4(N41)--	4(N41)
o0903337	n	1(N26)-1(N26B)-	1(N26~b)
o0903338	n	1(N28)-1(N28B)-	1(N28~b)
o0903053	n	1(N30C)--	1(N30~c)
o0902972	n	1(N19)--	1(N19)
o0902887	n	4(N04)--	4(N04)
o0901187	s	LAGAB-LAGAB~b-	LAGAB~b
o0902102	s	TE--	TE
o0901709	s	SANGA-SANGA~a-	SANGA~a
o0900729	s	GAL-GAL~a-	GAL~a
o0901709	s	SANGA-SANGA~a-	SANGA~a
o0902188	c	|U₄×4(N01)|--	|U₄×4(N01)|
o0900912	s	GU₇--	GU₇
o0902829	s	ZI-ZI~a-	ZI~a
o0902227	s	UB--	UB
o0901941	s	ŠAM₂--	ŠAM₂
o0901145	s	KU₆-KU₆~a-	KU₆~a
o0901115	s	KISAL-KISAL~b1-	KISAL~b1
o0903064	n	5(N34)--	5(N34)
o0902930	n	2(N14)--	2(N14)
o0903368	s	X--	X
o0903210	n	1(N57)--	1(N57)
o0903064	n	5(N34)--	5(N34)
o0902862	n	5(N01)--	5(N01)
o0903280	n	1(N58)--	1(N58)
o0903178	n	5(N50)--	5(N50)
o0902933	n	4(N14)--	4(N14)
o0902861	n	4(N01)--	4(N01)
o0903063	n	4(N34)--	4(N34)
o0903059	n	1(N34)--	1(N34)
o0902930	n	2(N14)--	2(N14)
o0902859	n	2(N01)--	2(N01)
o0902862	n	5(N01)--	5(N01)
o0900513	s	EN-EN~a-	EN~a
o0903368	s	X--	X
o0900111	s	ASAR--	ASAR
o0902872	n	3(N02)--	3(N02)
o0902929	n	1(N14)--	1(N14)
o0903368	s	X--	X
o0902596	s	ZATU703--	ZATU703
o0902874	n	5(N02)--	5(N02)
o0902930	n	2(N14)--	2(N14)
o0902863	n	6(N01)--	6(N01)
o0901090	s	KI--	KI
o0902872	n	3(N02)--	3(N02)
o0900115	s	BA--	BA
o0902869	n	1(N02)--	1(N02)
o0902858	n	1(N01)--	1(N01)
o0903368	s	X--	X
o0902929	n	1(N14)--	1(N14)
o0902858	n	1(N01)--	1(N01)
o0903368	s	X--	X
o0902869	n	1(N02)--	1(N02)
o0900115	s	BA--	BA
o0902858	n	1(N01)--	1(N01)
o0900493	s	E₂-E₂~a-	E₂~a
o0901158	s	KUR-KUR~a-	KUR~a
o0902873	n	4(N02)--	4(N02)
o0901325	s	MAH-MAH~a-	MAH~a
o0902865	n	8(N01)--	8(N01)
o0901887	s	SUKKAL--	SUKKAL
o0902871	n	2(N02)--	2(N02)
o0902930	n	2(N14)--	2(N14)
o0902323	s	UR₄-UR₄~a-	UR₄~a
o0902862	n	5(N01)--	5(N01)
o0901670	s	RU--	RU
o0902873	n	4(N02)--	4(N02)
o0900729	s	GAL-GAL~a-	GAL~a
o0903368	s	X--	X
o0900513	s	EN-EN~a-	EN~a
o0902930	n	2(N14)--	2(N14)
o0902862	n	5(N01)--	5(N01)
o0902711	s	ZATU759--	ZATU759
o0901677	s	SAG--	SAG
o0902859	n	2(N01)--	2(N01)
o0903368	s	X--	X
o0901724	s	SI--	SI
o0902871	n	2(N02)--	2(N02)
o0902859	n	2(N01)--	2(N01)
o0900493	s	E₂-E₂~a-	E₂~a
o0901585	s	NU@g--	NU@g
o0902929	n	1(N14)--	1(N14)
o0902863	n	6(N01)--	6(N01)
o0902596	s	ZATU703--	ZATU703
o0900115	s	BA--	BA
o0900513	s	EN-EN~a-	EN~a
o0902861	n	4(N01)--	4(N01)
o0901709	s	SANGA-SANGA~a-	SANGA~a
o0900089	s	AN--	AN
o0900513	s	EN-EN~a-	EN~a
o0901670	s	RU--	RU
o0902872	n	3(N02)--	3(N02)
o0901483	s	NE-NE~a-	NE~a
o0902860	n	3(N01)--	3(N01)
o0900513	s	EN-EN~a-	EN~a
o0902865	n	8(N01)--	8(N01)
o0901887	s	SUKKAL--	SUKKAL
o0902339	s	URU-URU~a1-	URU~a1
o0900875	s	GIŠ--	GIŠ
o0901659	s	RAD-RAD~a-	RAD~a
o0902859	n	2(N01)--	2(N01)
o0900513	s	EN-EN~a-	EN~a
o0902033	s	ŠU--	ŠU
o0900546	s	EŠDA--	EŠDA
o0902875	n	6(N02)--	6(N02)
o0902872	n	3(N02)--	3(N02)
o0901483	s	NE-NE~a-	NE~a
o0901128	s	KIŠ--	KIŠ
o0900729	s	GAL-GAL~a-	GAL~a
o0903062	n	3(N34)--	3(N34)
o0902930	n	2(N14)--	2(N14)
o0901407	s	MUN-MUN~a1-	MUN~a1
o0900115	s	BA--	BA
o0902878	n	9(N02)--	9(N02)
o0900115	s	BA--	BA
o0902959	n	5(N15)--	5(N15)
o0902869	n	1(N02)--	1(N02)
o0902875	n	6(N02)--	6(N02)
o0901483	s	NE-NE~a-	NE~a
o0903064	n	5(N34)--	5(N34)
o0902935	n	5(N14)-5(N14)~v1-	5(N14)
o0902865	n	8(N01)--	8(N01)
o0901407	s	MUN-MUN~a1-	MUN~a1
o0902862	n	5(N01)--	5(N01)
o0902220	s	U₈--	U₈
o0902935	n	5(N14)-5(N14)~v1-	5(N14)
o0902864	n	7(N01)--	7(N01)
o0902862	n	5(N01)--	5(N01)
o0902243	s	UDU-UDU~a-	UDU~a
o0902865	n	8(N01)--	8(N01)
o0902858	n	1(N01)--	1(N01)
o0902250	s	UDUNITA-UDUNITA~a-	UDUNITA~a
o0902863	n	6(N01)--	6(N01)
o0901376	s	MAŠ--	MAŠ
o0902859	n	2(N01)--	2(N01)
o0902858	n	1(N01)--	1(N01)
o0901377	s	MAŠ₂--	MAŠ₂
o0900729	s	GAL-GAL~a-	GAL~a
o0901709	s	SANGA-SANGA~a-	SANGA~a
o0901586	s	NU₁₁--	NU₁₁
o0900089	s	AN--	AN
o0902327	s	UR₅-UR₅~a-	UR₅~a
o0903368	s	X--	X
o0902227	s	UB--	UB
o0900260	s	DI--	DI
o0901659	s	RAD-RAD~a-	RAD~a
o0902859	n	2(N01)--	2(N01)
o0902858	n	1(N01)--	1(N01)
o0902227	s	UB--	UB
o0901468	s	NAM₂--	NAM₂
o0901625	s	PA-PA~a-	PA~a
o0901659	s	RAD-RAD~a-	RAD~a
o0902858	n	1(N01)--	1(N01)
o0900089	s	AN--	AN
o0902327	s	UR₅-UR₅~a-	UR₅~a
o0901468	s	NAM₂--	NAM₂
o0901709	s	SANGA-SANGA~a-	SANGA~a
o0900729	s	GAL-GAL~a-	GAL~a
o0902858	n	1(N01)--	1(N01)
o0901648	s	PIRIG-PIRIG~b1-	PIRIG~b1
o0900264	s	DILMUN--	DILMUN
o0902858	n	1(N01)--	1(N01)
o0900875	s	GIŠ--	GIŠ
o0900089	s	AN--	AN
o0902102	s	TE--	TE
o0902858	n	1(N01)--	1(N01)
o0901771	s	SIG₇--	SIG₇
o0901639	s	PAP-PAP~a-	PAP~a
o0901697	s	SAL--	SAL
o0902858	n	1(N01)--	1(N01)
o0901080	s	KAŠ-KAŠ~b-	KAŠ~b
o0901481	s	NAR--	NAR
o0900229	s	DAR-DAR~b-	DAR~b
o0900493	s	E₂-E₂~a-	E₂~a
o0903236	c	|3(N57).AZ|--	|3(N57).AZ|
o0901670	s	RU--	RU
o0901145	s	KU₆-KU₆~a-	KU₆~a
o0900331	s	DUG-DUG~a-	DUG~a
o0901184	s	LA₂--	LA₂
o0901879	s	SUG₅--	SUG₅
o0901670	s	RU--	RU
o0901771	s	SIG₇--	SIG₇
o0903368	s	X--	X
o0901483	s	NE-NE~a-	NE~a
o0900513	s	EN-EN~a-	EN~a
o0903368	s	X--	X
o0900279	s	DU--	DU
o0901426	s	MUŠEN--	MUŠEN
o0900111	s	ASAR--	ASAR
o0900175	s	BU-BU~a-	BU~a
o0901697	s	SAL--	SAL
o0901639	s	PAP-PAP~a-	PAP~a
o0900175	s	BU-BU~a-	BU~a
o0901468	s	NAM₂--	NAM₂
o0900115	s	BA--	BA
o0900513	s	EN-EN~a-	EN~a
o0902102	s	TE--	TE
o0901659	s	RAD-RAD~a-	RAD~a
o0902858	n	1(N01)--	1(N01)
o0903368	s	X--	X
o0902858	n	1(N01)--	1(N01)
o0903368	s	X--	X
o0902858	n	1(N01)--	1(N01)
o0903368	s	X--	X
o0902858	n	1(N01)--	1(N01)
o0903368	s	X--	X
o0900041	s	AB₂--	AB₂
o0902858	n	1(N01)--	1(N01)
o0903368	s	X--	X
o0900041	s	AB₂--	AB₂
o0902858	n	1(N01)--	1(N01)
o0903368	s	X--	X
o0900041	s	AB₂--	AB₂
o0902858	n	1(N01)--	1(N01)
o0900041	s	AB₂--	AB₂
o0902858	n	1(N01)--	1(N01)
o0902858	n	1(N01)--	1(N01)
o0902858	n	1(N01)--	1(N01)
o0903368	s	X--	X
o0902858	n	1(N01)--	1(N01)
o0903368	s	X--	X
o0902858	n	1(N01)--	1(N01)
o0903368	s	X--	X
o0902858	n	1(N01)--	1(N01)
o0903368	s	X--	X
o0902858	n	1(N01)--	1(N01)
o0901483	s	NE-NE~a-	NE~a
o0900908	s	GU₄--	GU₄
o0902858	n	1(N01)--	1(N01)
o0902161	s	U₄--	U₄
o0900908	s	GU₄--	GU₄
o0902858	n	1(N01)--	1(N01)
o0900836	s	GI₆--	GI₆
o0900908	s	GU₄--	GU₄
o0902858	n	1(N01)--	1(N01)
o0902033	s	ŠU--	ŠU
o0900908	s	GU₄--	GU₄
o0902858	n	1(N01)--	1(N01)
o0902033	s	ŠU--	ŠU
o0900154	s	BAR--	BAR
o0900908	s	GU₄--	GU₄
o0902858	n	1(N01)--	1(N01)
o0903368	s	X--	X
o0900908	s	GU₄--	GU₄
o0902858	n	1(N01)--	1(N01)
o0902858	n	1(N01)--	1(N01)
o0903368	s	X--	X
o0903368	s	X--	X
o0902858	n	1(N01)--	1(N01)
o0903368	s	X--	X
o0903368	s	X--	X
o0902858	n	1(N01)--	1(N01)
o0903368	s	X--	X
o0903368	s	X--	X
o0902858	n	1(N01)--	1(N01)
o0903368	s	X--	X
o0903368	s	X--	X
o0902858	n	1(N01)--	1(N01)
o0903368	s	X--	X
o0903234	n	3(N57)--	3(N57)
o0902422	s	ZAG-ZAG~a-	ZAG~a
o0902858	n	1(N01)--	1(N01)
o0901771	s	SIG₇--	SIG₇
o0900309	s	DU₈@g-DU₈~c@g-	DU₈~c@g
o0900912	s	GU₇--	GU₇
o0902858	n	1(N01)--	1(N01)
o0900836	s	GI₆--	GI₆
o0900309	s	DU₈@g-DU₈~c@g-	DU₈~c@g
o0901771	s	SIG₇--	SIG₇
o0900912	s	GU₇--	GU₇
o0902858	n	1(N01)--	1(N01)
o0900264	s	DILMUN--	DILMUN
o0900912	s	GU₇--	GU₇
o0902858	n	1(N01)--	1(N01)
o0903368	s	X--	X
o0902858	n	1(N01)--	1(N01)
o0902858	n	1(N01)--	1(N01)
o0902858	n	1(N01)--	1(N01)
o0902858	n	1(N01)--	1(N01)
o0903368	s	X--	X
o0902858	n	1(N01)--	1(N01)
o0903368	s	X--	X
o0903059	n	1(N34)--	1(N34)
o0902286	s	UMBIN-UMBIN~a-	UMBIN~a
o0902862	n	5(N01)--	5(N01)
o0900158	s	BARA₂-BARA₂~a-	BARA₂~a
o0902929	n	1(N14)--	1(N14)
o0902862	n	5(N01)--	5(N01)
o0900885	s	GIŠ@t--	GIŠ@t
o0901376	s	MAŠ--	MAŠ
o0903059	n	1(N34)--	1(N34)
o0903368	s	X--	X
o0902862	n	5(N01)--	5(N01)
o0900158	s	BARA₂-BARA₂~a-	BARA₂~a
o0902929	n	1(N14)--	1(N14)
o0902862	n	5(N01)--	5(N01)
o0900885	s	GIŠ@t--	GIŠ@t
o0901376	s	MAŠ--	MAŠ
o0903059	n	1(N34)--	1(N34)
o0903368	s	X--	X
o0901709	s	SANGA-SANGA~a-	SANGA~a
o0902862	n	5(N01)--	5(N01)
o0900158	s	BARA₂-BARA₂~a-	BARA₂~a
o0902929	n	1(N14)--	1(N14)
o0902862	n	5(N01)--	5(N01)
o0900885	s	GIŠ@t--	GIŠ@t
o0901376	s	MAŠ--	MAŠ
o0903059	n	1(N34)--	1(N34)
o0900175	s	BU-BU~a-	BU~a
o0900279	s	DU--	DU
o0901639	s	PAP-PAP~a-	PAP~a
o0902862	n	5(N01)--	5(N01)
o0900158	s	BARA₂-BARA₂~a-	BARA₂~a
o0902929	n	1(N14)--	1(N14)
o0902862	n	5(N01)--	5(N01)
o0900885	s	GIŠ@t--	GIŠ@t
o0901376	s	MAŠ--	MAŠ
o0902858	n	1(N01)--	1(N01)
o0903368	s	X--	X
o0902858	n	1(N01)--	1(N01)
o0900064	s	AL--	AL
o0902858	n	1(N01)--	1(N01)
o0901063	s	KALAM-KALAM~b-	KALAM~b
o0902858	n	1(N01)--	1(N01)
o0901639	s	PAP-PAP~a-	PAP~a
o0900175	s	BU-BU~a-	BU~a
o0901468	s	NAM₂--	NAM₂
o0902858	n	1(N01)--	1(N01)
o0901639	s	PAP-PAP~a-	PAP~a
o0901697	s	SAL--	SAL
o0902858	n	1(N01)--	1(N01)
o0903368	s	X--	X
o0901675	s	SA-SA~c-	SA~c
o0902858	n	1(N01)--	1(N01)
o0901310	s	LUGAL--	LUGAL
o0902858	n	1(N01)--	1(N01)
o0900217	s	DA-DA~a-	DA~a
o0902858	n	1(N01)--	1(N01)
o0901639	s	PAP-PAP~a-	PAP~a
o0902858	n	1(N01)--	1(N01)
o0900485	s	DUR₂--	DUR₂
o0901000	s	IM-IM~a-	IM~a
o0901930	s	ŠAGAN--	ŠAGAN
o0902858	n	1(N01)--	1(N01)
o0900513	s	EN-EN~a-	EN~a
o0902858	n	1(N01)--	1(N01)
o0901611	c	|NUN+NAM₂|-|NUN~a+NAM₂|-	|NUN~a+NAM₂|
o0902858	n	1(N01)--	1(N01)
o0900513	s	EN-EN~a-	EN~a
o0902033	s	ŠU--	ŠU
o0900616	s	GA₂-GA₂~a1-	GA₂~a1
o0902858	n	1(N01)--	1(N01)
o0903236	c	|3(N57).AZ|--	|3(N57).AZ|
o0902858	n	1(N01)--	1(N01)
o0901709	s	SANGA-SANGA~a-	SANGA~a
o0903222	n	2(N57)--	2(N57)
o0902858	n	1(N01)--	1(N01)
o0901928	s	ŠAB-ŠAB~b-	ŠAB~b
o0902858	n	1(N01)--	1(N01)
o0901284	s	LAM-LAM~b-	LAM~b
o0902060	s	ŠUBUR--	ŠUBUR
o0902858	n	1(N01)--	1(N01)
o0900089	s	AN--	AN
o0901107	s	KIN₂-KIN₂~d-	KIN₂~d
o0902858	n	1(N01)--	1(N01)
o0900000	s	A--	A
o0903368	s	X--	X
o0902858	n	1(N01)--	1(N01)
o0900064	s	AL--	AL
o0901724	s	SI--	SI
o0902930	n	2(N14)--	2(N14)
o0903016	n	1(N24)--	1(N24)
o0900779	s	GAR--	GAR
o0900012	s	AB-AB~a-	AB~a
o0902929	n	1(N14)--	1(N14)
o0902858	n	1(N01)--	1(N01)
o0900331	s	DUG-DUG~a-	DUG~a
o0901159	s	KUR-KUR~b-	KUR~b
o0902872	n	3(N02)--	3(N02)
o0903016	n	1(N24)--	1(N24)
o0903097	n	1(N39)-1(N39~a)-	1(N39~a)
o0903016	n	1(N24)--	1(N24)
o0903100	n	2(N39)-2(N39~a)-	2(N39~a)
o0903100	n	2(N39)-2(N39~a)-	2(N39~a)
o0903016	n	1(N24)--	1(N24)
o0901951	c	|ŠE.GAR|-|ŠE~a.GAR|-	|ŠE~a.GAR|
o0903100	n	2(N39)-2(N39~a)-	2(N39~a)
o0903097	n	1(N39)-1(N39~a)-	1(N39~a)
o0900296	s	DU₈-DU₈~c-	DU₈~c
o0903097	n	1(N39)-1(N39~a)-	1(N39~a)
o0902865	n	8(N01)--	8(N01)
o0902932	n	3(N14)--	3(N14)
o0902860	n	3(N01)--	3(N01)
o0903368	s	X--	X
o0903368	s	X--	X
o0902930	n	2(N14)--	2(N14)
o0902865	n	8(N01)--	8(N01)
o0902339	s	URU-URU~a1-	URU~a1
o0902862	n	5(N01)--	5(N01)
o0902094	s	TAK₄-TAK₄~a-	TAK₄~a
o0901090	s	KI--	KI
o0900154	s	BAR--	BAR
o0902930	n	2(N14)--	2(N14)
o0902859	n	2(N01)--	2(N01)
o0900912	s	GU₇--	GU₇
o0902862	n	5(N01)--	5(N01)
o0902860	n	3(N01)--	3(N01)
o0902929	n	1(N14)--	1(N14)
o0902858	n	1(N01)--	1(N01)
o0901524	s	NIN--	NIN
o0902860	n	3(N01)--	3(N01)
o0900860	s	GIR₃-GIR₃~c-	GIR₃~c
o0902929	n	1(N14)--	1(N14)
o0902858	n	1(N01)--	1(N01)
o0900115	s	BA--	BA
o0901090	s	KI--	KI
o0902862	n	5(N01)--	5(N01)
o0901517	s	NIM-NIM~b1-	NIM~b1
o0902859	n	2(N01)--	2(N01)
o0901380	s	ME-ME~a-	ME~a
o0902506	s	ZATU659--	ZATU659
o0900729	s	GAL-GAL~a-	GAL~a
o0902859	n	2(N01)--	2(N01)
o0901771	s	SIG₇--	SIG₇
o0902859	n	2(N01)--	2(N01)
o0901724	s	SI--	SI
o0900493	s	E₂-E₂~a-	E₂~a
o0900912	s	GU₇--	GU₇
o0902859	n	2(N01)--	2(N01)
o0901670	s	RU--	RU
o0900000	s	A--	A
o0901695	s	SAG@n--	SAG@n
o0902858	n	1(N01)--	1(N01)
o0900115	s	BA--	BA
o0900089	s	AN--	AN
o0902858	n	1(N01)--	1(N01)
o0900115	s	BA--	BA
o0902860	n	3(N01)--	3(N01)
o0903257	n	4(N57)--	4(N57)
o0900064	s	AL--	AL
o0902858	n	1(N01)--	1(N01)
o0900064	s	AL--	AL
o0902136	s	TUN₃-TUN₃~a-	TUN₃~a
o0902884	n	1(N04)--	1(N04)
o0900806	s	GI--	GI
o0903368	s	X--	X
o0903153	n	1(N46)--	1(N46)
o0902972	n	1(N19)--	1(N19)
o0900115	s	BA--	BA
o0902862	n	5(N01)--	5(N01)
o0901677	s	SAG--	SAG
o0901697	s	SAL--	SAL
o0900077	s	AMA-AMA~a-	AMA~a
o0902859	n	2(N01)--	2(N01)
o0901697	s	SAL--	SAL
o0901115	s	KISAL-KISAL~b1-	KISAL~b1
o0901145	s	KU₆-KU₆~a-	KU₆~a
o0902859	n	2(N01)--	2(N01)
o0902146	s	TUR₃-TUR₃~a-	TUR₃~a
o0901697	s	SAL--	SAL
o0901142	s	KU₃-KU₃~a-	KU₃~a
o0900513	s	EN-EN~a-	EN~a
o0900616	s	GA₂-GA₂~a1-	GA₂~a1
o0901380	s	ME-ME~a-	ME~a
o0900279	s	DU--	DU
o0902862	n	5(N01)--	5(N01)
o0901158	s	KUR-KUR~a-	KUR~a
o0902293	s	UNUG-UNUG~a-	UNUG~a
o0903028	n	1(N28)--	1(N28)
o0902858	n	1(N01)--	1(N01)
o0903368	s	X--	X
o0900047	s	ABGAL--	ABGAL
o0902859	n	2(N01)--	2(N01)
o0900493	s	E₂-E₂~a-	E₂~a
o0900729	s	GAL-GAL~a-	GAL~a
o0902858	n	1(N01)--	1(N01)
o0900729	s	GAL-GAL~a-	GAL~a
o0901930	s	ŠAGAN--	ŠAGAN
o0900331	s	DUG-DUG~a-	DUG~a
o0902858	n	1(N01)--	1(N01)
o0900729	s	GAL-GAL~a-	GAL~a
o0901930	s	ŠAGAN--	ŠAGAN
o0902161	s	U₄--	U₄
o0901981	s	ŠEN@t-ŠEN~c@t-	ŠEN~c@t
o0902859	n	2(N01)--	2(N01)
o0900729	s	GAL-GAL~a-	GAL~a
o0901930	s	ŠAGAN--	ŠAGAN
o0902858	n	1(N01)--	1(N01)
o0901516	s	NIM-NIM~a-	NIM~a
o0903368	s	X--	X
o0902858	n	1(N01)--	1(N01)
o0900513	s	EN-EN~a-	EN~a
o0900100	s	APIN-APIN~a-	APIN~a
o0903368	s	X--	X
o0900331	s	DUG-DUG~a-	DUG~a
o0901946	s	ŠE-ŠE~a-	ŠE~a
o0903059	n	1(N34)--	1(N34)
o0902932	n	3(N14)--	3(N14)
o0901145	s	KU₆-KU₆~a-	KU₆~a
o0901115	s	KISAL-KISAL~b1-	KISAL~b1
o0903059	n	1(N34)--	1(N34)
o0902932	n	3(N14)--	3(N14)
o0900089	s	AN--	AN
o0902309	s	UR₂--	UR₂
o0901918	s	ŠA₃-ŠA₃~a1-	ŠA₃~a1
o0903059	n	1(N34)--	1(N34)
o0902930	n	2(N14)--	2(N14)
o0901670	s	RU--	RU
o0903059	n	1(N34)--	1(N34)
o0902929	n	1(N14)--	1(N14)
o0902932	n	3(N14)--	3(N14)
o0900513	s	EN-EN~a-	EN~a
o0901709	s	SANGA-SANGA~a-	SANGA~a
o0902033	s	ŠU--	ŠU
o0900279	s	DU--	DU
o0900616	s	GA₂-GA₂~a1-	GA₂~a1
o0902932	n	3(N14)--	3(N14)
o0902033	s	ŠU--	ŠU
o0902829	s	ZI-ZI~a-	ZI~a
o0903059	n	1(N34)--	1(N34)
o0902932	n	3(N14)--	3(N14)
o0902864	n	7(N01)--	7(N01)
o0902243	s	UDU-UDU~a-	UDU~a
o0903059	n	1(N34)--	1(N34)
o0902860	n	3(N01)--	3(N01)
o0902227	s	UB--	UB
o0903368	s	X--	X
o0902932	n	3(N14)--	3(N14)
o0901928	s	ŠAB-ŠAB~b-	ŠAB~b
o0903063	n	4(N34)--	4(N34)
o0902859	n	2(N01)--	2(N01)
o0903210	n	1(N57)--	1(N57)
o0903061	n	2(N34)--	2(N34)
o0902863	n	6(N01)--	6(N01)
o0903280	n	1(N58)--	1(N58)
o0903062	n	3(N34)--	3(N34)
o0902935	n	5(N14)-5(N14)~v1-	5(N14)
o0902861	n	4(N01)--	4(N01)
o0903210	n	1(N57)--	1(N57)
o0903061	n	2(N34)--	2(N34)
o0902861	n	4(N01)--	4(N01)
o0903280	n	1(N58)--	1(N58)
o0903062	n	3(N34)--	3(N34)
o0902935	n	5(N14)-5(N14)~v1-	5(N14)
o0902865	n	8(N01)--	8(N01)
o0903210	n	1(N57)--	1(N57)
o0903061	n	2(N34)--	2(N34)
o0902862	n	5(N01)--	5(N01)
o0903280	n	1(N58)--	1(N58)
o0903174	n	1(N50)--	1(N50)
o0902937	n	6(N14)-6(N14)~v1-	6(N14)
o0903005	n	1(N22)--	1(N22)
o0902860	n	3(N01)--	3(N01)
o0902919	n	5(N08)--	5(N08)
o0900778	s	GAN₂--	GAN₂
o0902929	n	1(N14)--	1(N14)
o0902862	n	5(N01)--	5(N01)
o0901946	s	ŠE-ŠE~a-	ŠE~a
o0901468	s	NAM₂--	NAM₂
o0902858	n	1(N01)--	1(N01)
o0903016	n	1(N24)--	1(N24)
o0901946	s	ŠE-ŠE~a-	ŠE~a
o0900976	s	HI@g-HI@g~a-	HI@g~a
o0902896	n	3(N05)--	3(N05)
o0903129	n	4(N42)-4(N42~a)-	4(N42~a)
o0900976	s	HI@g-HI@g~a-	HI@g~a
o0901946	s	ŠE-ŠE~a-	ŠE~a
o0903368	s	X--	X
o0903100	n	2(N39)-2(N39~a)-	2(N39~a)
o0901946	s	ŠE-ŠE~a-	ŠE~a
o0902895	n	2(N05)--	2(N05)
o0903123	n	2(N42)-2(N42~a)-	2(N42~a)
o0901946	s	ŠE-ŠE~a-	ŠE~a
o0903368	s	X--	X
o0903123	n	2(N42)-2(N42~a)-	2(N42~a)
o0901946	s	ŠE-ŠE~a-	ŠE~a
o0900115	s	BA--	BA
o0901501	s	NI-NI~a-	NI~a
o0903104	n	3(N39)-3(N39~a)-	3(N39~a)
o0903016	n	1(N24)--	1(N24)
o0900976	s	HI@g-HI@g~a-	HI@g~a
o0903126	n	3(N42)-3(N42~a)-	3(N42~a)
o0900976	s	HI@g-HI@g~a-	HI@g~a
o0903123	n	2(N42)-2(N42~a)-	2(N42~a)
o0900976	s	HI@g-HI@g~a-	HI@g~a
o0902858	n	1(N01)--	1(N01)
o0901946	s	ŠE-ŠE~a-	ŠE~a
o0901724	s	SI--	SI
o0901115	s	KISAL-KISAL~b1-	KISAL~b1
o0900929	s	GUKKAL-GUKKAL~a-	GUKKAL~a
o0902847	n	6(LAGAB)-6(LAGAB~a)-	6(LAGAB~a)
o0902131	s	TUM-TUM~d-	TUM~d
o0901946	s	ŠE-ŠE~a-	ŠE~a
o0901187	s	LAGAB-LAGAB~b-	LAGAB~b
o0902845	n	4(LAGAB)-4(LAGAB~a)-	4(LAGAB~a)
o0902293	s	UNUG-UNUG~a-	UNUG~a
o0901946	s	ŠE-ŠE~a-	ŠE~a
o0901910	s	ŠA--	ŠA
o0902094	s	TAK₄-TAK₄~a-	TAK₄~a
o0900000	s	A--	A
o0902841	n	2(LAGAB)-2(LAGAB~a)-	2(LAGAB~a)
o0901697	s	SAL--	SAL
o0900077	s	AMA-AMA~a-	AMA~a
o0902843	n	3(LAGAB)-3(LAGAB~a)-	3(LAGAB~a)
o0902841	n	2(LAGAB)-2(LAGAB~a)-	2(LAGAB~a)
o0900906	s	GU--	GU~a
o0901639	s	PAP-PAP~a-	PAP~a
o0903065	n	6(N34)--	6(N34)
o0902935	n	5(N14)-5(N14)~v1-	5(N14)
o0901881	s	SUHUR--	SUHUR
o0901739	s	SI₄-SI₄~a-	SI₄~a
o0903063	n	4(N34)--	4(N34)
o0900657	c	|GA₂×KU₆|-|GA₂~a1×KU₆~a|-	|GA₂~a1×KU₆~a|
o0901145	s	KU₆-KU₆~a-	KU₆~a
o0901115	s	KISAL-KISAL~b1-	KISAL~b1
o0900115	s	BA--	BA
o0902064	s	ŠUR₂-ŠUR₂~b-	ŠUR₂~b
o0900175	s	BU-BU~a-	BU~a
o0902930	n	2(N14)--	2(N14)
o0900729	s	GAL-GAL~a-	GAL~a
o0903234	n	3(N57)--	3(N57)
o0902699	s	ZATU752--	ZATU752
o0902004	s	ŠITA-ŠITA~a1-	ŠITA~a1
o0902933	n	4(N14)--	4(N14)
o0902220	s	U₈--	U₈
o0902930	n	2(N14)--	2(N14)
o0902250	s	UDUNITA-UDUNITA~a-	UDUNITA~a
o0903126	n	3(N42)-3(N42~a)-	3(N42~a)
o0900960	s	HI--	HI
o0901078	s	KAŠ-KAŠ~a-	KAŠ~a
o0903097	n	1(N39)-1(N39~a)-	1(N39~a)
o0903016	n	1(N24)--	1(N24)
o0900960	s	HI--	HI
o0903368	s	X--	X
o0903368	s	X--	X
o0902797	s	ZATU832--	ZATU832
o0903032	n	1(N29)-1(N29~a)-	1(N29~a)
o0901078	s	KAŠ-KAŠ~a-	KAŠ~a
o0903016	n	1(N24)--	1(N24)
o0903100	n	2(N39)-2(N39~a)-	2(N39~a)
o0903032	n	1(N29)-1(N29~a)-	1(N29~a)
o0903100	n	2(N39)-2(N39~a)-	2(N39~a)
o0903097	n	1(N39)-1(N39~a)-	1(N39~a)
o0900920	s	GUG₂--	GUG₂
o0903100	n	2(N39)-2(N39~a)-	2(N39~a)
o0900779	s	GAR--	GAR
o0903123	n	2(N42)-2(N42~a)-	2(N42~a)
o0902739	s	ZATU773-ZATU773~a-	ZATU773~a
o0902858	n	1(N01)--	1(N01)
o0902227	s	UB--	UB
o0901553	c	|NINDA₂×KAŠ|-|NINDA₂×KAŠ~b|-	|NINDA₂×KAŠ~b|
o0903104	n	3(N39)-3(N39~a)-	3(N39~a)
o0900106	s	ARARMA₂-ARARMA₂~a-	ARARMA₂~a
o0903120	n	1(N42)-1(N42~a)-	1(N42~a)
o0901078	s	KAŠ-KAŠ~a-	KAŠ~a
o0903023	n	1(N26)--	1(N26)
o0903100	n	2(N39)-2(N39~a)-	2(N39~a)
o0903016	n	1(N24)--	1(N24)
o0903100	n	2(N39)-2(N39~a)-	2(N39~a)
o0903016	n	1(N24)--	1(N24)
o0901380	s	ME-ME~a-	ME~a
o0902557	s	ZATU686-ZATU686~a-	ZATU686~a
o0903100	n	2(N39)-2(N39~a)-	2(N39~a)
o0903016	n	1(N24)--	1(N24)
o0903097	n	1(N39)-1(N39~a)-	1(N39~a)
o0903104	n	3(N39)-3(N39~a)-	3(N39~a)
o0902929	n	1(N14)--	1(N14)
o0902859	n	2(N01)--	2(N01)
o0902558	s	ZATU686-ZATU686~b-	ZATU686~b
o0901697	s	SAL--	SAL
o0901128	s	KIŠ--	KIŠ
o0902858	n	1(N01)--	1(N01)
o0901128	s	KIŠ--	KIŠ
o0901158	s	KUR-KUR~a-	KUR~a
o0901128	s	KIŠ--	KIŠ
o0902859	n	2(N01)--	2(N01)
o0901128	s	KIŠ--	KIŠ
o0902208	c	|U₄×3(N57)|--	|U₄×3(N57)|
o0901158	s	KUR-KUR~a-	KUR~a
o0902929	n	1(N14)--	1(N14)
o0901128	s	KIŠ--	KIŠ
o0902207	c	|U₄×2(N57)|--	|U₄×2(N57)|
o0901158	s	KUR-KUR~a-	KUR~a
o0901426	s	MUŠEN--	MUŠEN
o0901145	s	KU₆-KU₆~a-	KU₆~a
o0901659	s	RAD-RAD~a-	RAD~a
o0902859	n	2(N01)--	2(N01)
o0901697	s	SAL--	SAL
o0901128	s	KIŠ--	KIŠ
o0900729	s	GAL-GAL~a-	GAL~a
o0902859	n	2(N01)--	2(N01)
o0901158	s	KUR-KUR~a-	KUR~a
o0901128	s	KIŠ--	KIŠ
o0901724	s	SI--	SI
o0902858	n	1(N01)--	1(N01)
o0900082	s	AMAR--	AMAR
o0901128	s	KIŠ--	KIŠ
o0903137	n	2(N45)--	2(N45)
o0902935	n	5(N14)-5(N14)~v1-	5(N14)
o0901946	s	ŠE-ŠE~a-	ŠE~a
o0903082	n	1(N36)--	1(N36)
o0902976	n	5(N19)--	5(N19)
o0902888	n	5(N04)--	5(N04)
o0900839	s	GIBIL--	GIBIL
o0902161	s	U₄--	U₄
o0901648	s	PIRIG-PIRIG~b1-	PIRIG~b1
o0903368	s	X--	X
o0901452	s	NAGA-NAGA~a-	NAGA~a
o0900100	s	APIN-APIN~a-	APIN~a
o0901457	s	NAGAR-NAGAR~a-	NAGAR~a
o0902829	s	ZI-ZI~a-	ZI~a
o0901709	s	SANGA-SANGA~a-	SANGA~a
o0902939	n	8(N14)--	8(N14)
o0903100	n	2(N39)-2(N39~a)-	2(N39~a)
o0903115	n	1(N41)--	1(N41)
o0901946	s	ŠE-ŠE~a-	ŠE~a
o0901670	s	RU--	RU
o0902932	n	3(N14)--	3(N14)
o0902859	n	2(N01)--	2(N01)
o0902243	s	UDU-UDU~a-	UDU~a
o0900513	s	EN-EN~a-	EN~a
o0903368	s	X--	X
o0902860	n	3(N01)--	3(N01)
o0902220	s	U₈--	U₈
o0902862	n	5(N01)--	5(N01)
o0902250	s	UDUNITA-UDUNITA~a-	UDUNITA~a
o0902859	n	2(N01)--	2(N01)
o0902234	s	UD₅-UD₅~a-	UD₅~a
o0902859	n	2(N01)--	2(N01)
o0901376	s	MAŠ--	MAŠ
o0901158	s	KUR-KUR~a-	KUR~a
o0902859	n	2(N01)--	2(N01)
o0902234	s	UD₅-UD₅~a-	UD₅~a
o0902929	n	1(N14)--	1(N14)
o0902861	n	4(N01)--	4(N01)
o0901377	s	MAŠ₂--	MAŠ₂
o0902863	n	6(N01)--	6(N01)
o0903368	s	X--	X
o0902863	n	6(N01)--	6(N01)
o0901111	s	KIR₁₁--	KIR₁₁
o0902865	n	8(N01)--	8(N01)
o0901158	s	KUR-KUR~a-	KUR~a
o0901861	s	SILA₄-SILA₄~b-	SILA₄~b
o0902929	n	1(N14)--	1(N14)
o0902859	n	2(N01)--	2(N01)
o0902400	s	UTUA-UTUA~a-	UTUA~a
o0901142	s	KU₃-KU₃~a-	KU₃~a
o0901709	s	SANGA-SANGA~a-	SANGA~a
o0902858	n	1(N01)--	1(N01)
o0901111	s	KIR₁₁--	KIR₁₁
o0902858	n	1(N01)--	1(N01)
o0901158	s	KUR-KUR~a-	KUR~a
o0901861	s	SILA₄-SILA₄~b-	SILA₄~b
o0902862	n	5(N01)--	5(N01)
o0901934	s	ŠAH₂-ŠAH₂~a-	ŠAH₂~a
o0902859	n	2(N01)--	2(N01)
o0902220	s	U₈--	U₈
o0902860	n	3(N01)--	3(N01)
o0902250	s	UDUNITA-UDUNITA~a-	UDUNITA~a
o0902243	s	UDU-UDU~a-	UDU~a
o0902060	s	ŠUBUR--	ŠUBUR
o0903234	n	3(N57)--	3(N57)
o0902400	s	UTUA-UTUA~a-	UTUA~a
o0903264	n	5(N57)--	5(N57)
o0901111	s	KIR₁₁--	KIR₁₁
o0903210	n	1(N57)--	1(N57)
o0901158	s	KUR-KUR~a-	KUR~a
o0901861	s	SILA₄-SILA₄~b-	SILA₄~b
o0902858	n	1(N01)--	1(N01)
o0900226	s	DANNA--	DANNA
o0900217	s	DA-DA~a-	DA~a
o0900729	s	GAL-GAL~a-	GAL~a
o0902858	n	1(N01)--	1(N01)
o0900226	s	DANNA--	DANNA
o0900217	s	DA-DA~a-	DA~a
o0902139	s	TUR--	TUR
o0902858	n	1(N01)--	1(N01)
o0901122	s	KISIM-KISIM~a-	KISIM~a
o0902575	s	ZATU694-ZATU694~c-	ZATU694~c
o0902858	n	1(N01)--	1(N01)
o0901524	s	NIN--	NIN
o0901090	s	KI--	KI
o0902178	c	|U₄×1(N01)|--	|U₄×1(N01)|
o0902858	n	1(N01)--	1(N01)
o0901524	s	NIN--	NIN
o0901090	s	KI--	KI
o0902161	s	U₄--	U₄
o0902861	n	4(N01)--	4(N01)
o0903107	n	4(N39)-4(N39~a)-	4(N39~a)
o0902033	s	ŠU--	ŠU
o0901380	s	ME-ME~a-	ME~a
o0901639	s	PAP-PAP~a-	PAP~a
o0903368	s	X--	X
o0902932	n	3(N14)--	3(N14)
o0902862	n	5(N01)--	5(N01)
o0900331	s	DUG-DUG~a-	DUG~a
o0900513	s	EN-EN~a-	EN~a
o0903368	s	X--	X
o0901639	s	PAP-PAP~a-	PAP~a
o0903234	n	3(N57)--	3(N57)
o0900082	s	AMAR--	AMAR
o0902858	n	1(N01)--	1(N01)
o0902206	c	|U₄×1(N57)|--	|U₄×1(N57)|
o0902139	s	TUR--	TUR
o0900493	s	E₂-E₂~a-	E₂~a
o0900493	s	E₂-E₂~a-	E₂~a
o0900175	s	BU-BU~a-	BU~a
o0902858	n	1(N01)--	1(N01)
o0901697	s	SAL--	SAL
o0900089	s	AN--	AN
o0902829	s	ZI-ZI~a-	ZI~a
o0902859	n	2(N01)--	2(N01)
o0903368	s	X--	X
o0903368	s	X--	X
o0901966	s	ŠEG₉--	ŠEG₉
o0902739	s	ZATU773-ZATU773~a-	ZATU773~a
o0902858	n	1(N01)--	1(N01)
o0902206	c	|U₄×1(N57)|--	|U₄×1(N57)|
o0902139	s	TUR--	TUR
o0903368	s	X--	X
o0901444	s	NA₂-NA₂~b1-	NA₂~b1
o0902858	n	1(N01)--	1(N01)
o0901697	s	SAL--	SAL
o0901584	s	NU--	NU
o0901757	s	SIG₂-SIG₂~b-	SIG₂~b
o0902859	n	2(N01)--	2(N01)
o0902290	s	UMUN₂--	UMUN₂
o0903368	s	X--	X
o0903210	n	1(N57)--	1(N57)
o0901426	s	MUŠEN--	MUŠEN
o0901517	s	NIM-NIM~b1-	NIM~b1
o0903368	s	X--	X
o0902858	n	1(N01)--	1(N01)
o0902206	c	|U₄×1(N57)|--	|U₄×1(N57)|
o0902139	s	TUR--	TUR
o0903234	n	3(N57)--	3(N57)
o0901614	s	NUNUZ-NUNUZ~a1-	NUNUZ~a1
o0902858	n	1(N01)--	1(N01)
o0901697	s	SAL--	SAL
o0900269	s	DIM-DIM~a-	DIM~a
o0902339	s	URU-URU~a1-	URU~a1
o0902339	s	URU-URU~a1-	URU~a1
o0903368	s	X--	X
o0901090	s	KI--	KI
o0902858	n	1(N01)--	1(N01)
o0902206	c	|U₄×1(N57)|--	|U₄×1(N57)|
o0902139	s	TUR--	TUR
o0900513	s	EN-EN~a-	EN~a
o0903368	s	X--	X
o0900175	s	BU-BU~a-	BU~a
o0900806	s	GI--	GI
o0901128	s	KIŠ--	KIŠ
o0902699	s	ZATU752--	ZATU752
o0900778	s	GAN₂--	GAN₂
o0903368	s	X--	X
o0903368	s	X--	X
o0902932	n	3(N14)--	3(N14)
o0903368	s	X--	X
o0901709	s	SANGA-SANGA~a-	SANGA~a
o0903368	s	X--	X
o0903368	s	X--	X
o0903368	s	X--	X
o0903368	s	X--	X
o0903368	s	X--	X
o0903368	s	X--	X
o0903368	s	X--	X
o0903368	s	X--	X
o0903368	s	X--	X
o0903368	s	X--	X
o0902932	n	3(N14)--	3(N14)
o0903368	s	X--	X
o0902929	n	1(N14)--	1(N14)
o0901881	s	SUHUR--	SUHUR
o0903368	s	X--	X
o0903368	s	X--	X
o0902858	n	1(N01)--	1(N01)
o0900395	c	|DUG×1(N57)|-|DUG~b×1(N57)|-	|DUG~b×1(N57)|
o0903368	s	X--	X
o0903368	s	X--	X
o0903368	s	X--	X
o0903368	s	X--	X
o0903368	s	X--	X
o0903368	s	X--	X
o0903368	s	X--	X
o0903368	s	X--	X
o0902858	n	1(N01)--	1(N01)
o0901677	s	SAG--	SAG
o0900948	s	GURUŠ-GURUŠ~a-	GURUŠ~a
o0902384	s	UŠ-UŠ~a-	UŠ~a
o0901677	s	SAG--	SAG
o0902373	s	URUDU-URUDU~a-	URUDU~a
o0902858	n	1(N01)--	1(N01)
o0902384	s	UŠ-UŠ~a-	UŠ~a
o0900217	s	DA-DA~a-	DA~a
o0902584	s	ZATU697-ZATU697~a-	ZATU697~a
o0902858	n	1(N01)--	1(N01)
o0902495	c	|ZATU651×EN|-|ZATU651×EN~a~v2|-	|ZATU651×EN~a|
o0900552	s	EZEN-EZEN~b-	EZEN~b
o0900279	s	DU--	DU
o0903061	n	2(N34)--	2(N34)
o0903210	n	1(N57)--	1(N57)
o0903062	n	3(N34)--	3(N34)
o0903280	n	1(N58)--	1(N58)
o0903062	n	3(N34)--	3(N34)
o0902932	n	3(N14)--	3(N14)
o0903210	n	1(N57)--	1(N57)
o0903059	n	1(N34)--	1(N34)
o0902933	n	4(N14)--	4(N14)
o0903280	n	1(N58)--	1(N58)
o0903210	n	1(N57)--	1(N57)
o0903061	n	2(N34)--	2(N34)
o0902863	n	6(N01)--	6(N01)
o0903280	n	1(N58)--	1(N58)
o0903062	n	3(N34)--	3(N34)
o0902863	n	6(N01)--	6(N01)
o0903210	n	1(N57)--	1(N57)
o0903061	n	2(N34)--	2(N34)
o0902932	n	3(N14)--	3(N14)
o0902865	n	8(N01)--	8(N01)
o0903280	n	1(N58)--	1(N58)
o0903368	s	X--	X
o0903210	n	1(N57)--	1(N57)
o0902932	n	3(N14)--	3(N14)
o0903280	n	1(N58)--	1(N58)
o0902935	n	5(N14)-5(N14)~v1-	5(N14)
o0903210	n	1(N57)--	1(N57)
o0902929	n	1(N14)--	1(N14)
o0902862	n	5(N01)--	5(N01)
o0903280	n	1(N58)--	1(N58)
o0900729	s	GAL-GAL~a-	GAL~a
o0902227	s	UB--	UB
o0900493	s	E₂-E₂~a-	E₂~a
o0902033	s	ŠU--	ŠU
o0900983	s	IB-IB~a-	IB~a
o0902929	n	1(N14)--	1(N14)
o0902862	n	5(N01)--	5(N01)
o0903280	n	1(N58)--	1(N58)
o0902929	n	1(N14)--	1(N14)
o0902860	n	3(N01)--	3(N01)
o0900778	s	GAN₂--	GAN₂
o0902937	n	6(N14)-6(N14)~v1-	6(N14)
o0902860	n	3(N01)--	3(N01)
o0901946	s	ŠE-ŠE~a-	ŠE~a
o0902930	n	2(N14)--	2(N14)
o0901946	s	ŠE-ŠE~a-	ŠE~a
o0902858	n	1(N01)--	1(N01)
o0902929	n	1(N14)--	1(N14)
o0903368	s	X--	X
o0900786	s	GARA₂-GARA₂~a-	GARA₂~a
o0900983	s	IB-IB~a-	IB~a
o0900912	s	GU₇--	GU₇
o0901052	s	KAK-KAK~a-	KAK~a
o0901517	s	NIM-NIM~b1-	NIM~b1
o0901052	s	KAK-KAK~a-	KAK~a
o0901517	s	NIM-NIM~b1-	NIM~b1
o0901709	s	SANGA-SANGA~a-	SANGA~a
o0900729	s	GAL-GAL~a-	GAL~a
o0901709	s	SANGA-SANGA~a-	SANGA~a
o0902859	n	2(N01)--	2(N01)
o0903016	n	1(N24)--	1(N24)
o0903120	n	1(N42)-1(N42~a)-	1(N42~a)
o0902930	n	2(N14)--	2(N14)
o0902309	s	UR₂--	UR₂
o0903059	n	1(N34)--	1(N34)
o0902933	n	4(N14)--	4(N14)
o0902858	n	1(N01)--	1(N01)
o0900115	s	BA--	BA
o0902004	s	ŠITA-ŠITA~a1-	ŠITA~a1
o0902929	n	1(N14)--	1(N14)
o0903059	n	1(N34)--	1(N34)
o0902935	n	5(N14)-5(N14)~v1-	5(N14)
o0902858	n	1(N01)--	1(N01)
o0901946	s	ŠE-ŠE~a-	ŠE~a
o0900154	s	BAR--	BAR
o0901946	s	ŠE-ŠE~a-	ŠE~a
o0903368	s	X--	X
o0901468	s	NAM₂--	NAM₂
o0902976	n	5(N19)--	5(N19)
o0903053	n	1(N30C)--	1(N30C)
o0902973	n	2(N19)--	2(N19)
o0902884	n	1(N04)--	1(N04)
o0902975	n	4(N19)--	4(N19)
o0902888	n	5(N04)--	5(N04)
o0901101	s	KID-KID~e-	KID~e
o0900154	s	BAR--	BAR
o0902136	s	TUN₃-TUN₃~a-	TUN₃~a
o0901145	s	KU₆-KU₆~a-	KU₆~a
o0900175	s	BU-BU~a-	BU~a
o0900029	c	|AB×SUKKAL|-|AB~a×SUKKAL|-	|AB~a×SUKKAL|
o0901468	s	NAM₂--	NAM₂
o0901659	s	RAD-RAD~a-	RAD~a
o0901625	s	PA-PA~a-	PA~a
o0902033	s	ŠU--	ŠU
o0901659	s	RAD-RAD~a-	RAD~a
o0902858	n	1(N01)--	1(N01)
o0902384	s	UŠ-UŠ~a-	UŠ~a
o0902060	s	ŠUBUR--	ŠUBUR
o0900729	s	GAL-GAL~a-	GAL~a
o0901000	s	IM-IM~a-	IM~a
o0901910	s	ŠA--	ŠA
o0901659	s	RAD-RAD~a-	RAD~a
o0900513	s	EN-EN~a-	EN~a
o0901270	s	LAL₂-LAL₂~a-	LAL₂~a
o0901518	s	NIM-NIM~b2-	NIM~b2
o0902220	s	U₈--	U₈
o0902234	s	UD₅-UD₅~a-	UD₅~a
o0902220	s	U₈--	U₈
o0902234	s	UD₅-UD₅~a-	UD₅~a
o0903134	n	1(N45)--	1(N45)
o0900806	s	GI--	GI
o0903134	n	1(N45)--	1(N45)
o0902933	n	4(N14)--	4(N14)
o0901724	s	SI--	SI
o0901946	s	ŠE-ŠE~a-	ŠE~a
o0903134	n	1(N45)--	1(N45)
o0902937	n	6(N14)-6(N14)~v1-	6(N14)
o0901468	s	NAM₂--	NAM₂
o0902930	n	2(N14)--	2(N14)
o0902859	n	2(N01)--	2(N01)
o0900513	s	EN-EN~a-	EN~a
o0901483	s	NE-NE~a-	NE~a
o0902937	n	6(N14)-6(N14)~v1-	6(N14)
o0901187	s	LAGAB-LAGAB~b-	LAGAB~b
o0903368	s	X--	X
o0901946	s	ŠE-ŠE~a-	ŠE~a
o0900839	s	GIBIL--	GIBIL
o0903134	n	1(N45)--	1(N45)
o0902930	n	2(N14)--	2(N14)
o0901946	s	ŠE-ŠE~a-	ŠE~a
o0901145	s	KU₆-KU₆~a-	KU₆~a
o0901115	s	KISAL-KISAL~b1-	KISAL~b1
o0903153	n	1(N46)--	1(N46)
o0902972	n	1(N19)--	1(N19)
o0902975	n	4(N19)--	4(N19)
o0903134	n	1(N45)--	1(N45)
o0902929	n	1(N14)--	1(N14)
o0901946	s	ŠE-ŠE~a-	ŠE~a
o0903368	s	X--	X
o0903153	n	1(N46)--	1(N46)
o0903120	n	1(N42)-1(N42~a)-	1(N42~a)
o0903022	n	1(N25)--	1(N25)
o0903104	n	3(N39)-3(N39~a)-	3(N39~a)
o0903016	n	1(N24)--	1(N24)
o0901186	s	LAGAB-LAGAB~a-	LAGAB~a
o0902858	n	1(N01)--	1(N01)
o0903368	s	X--	X
o0900513	s	EN-EN~a-	EN~a
o0903368	s	X--	X
o0902033	s	ŠU--	ŠU
o0900806	s	GI--	GI
o0902861	n	4(N01)--	4(N01)
o0901946	s	ŠE-ŠE~a-	ŠE~a
o0902932	n	3(N14)--	3(N14)
o0900587	c	|EZEN×X|-|EZEN~a×X|-	|EZEN~a×X|
o0901724	s	SI--	SI
o0903368	s	X--	X
o0900912	s	GU₇--	GU₇
o0902211	c	|U₄×6(N57)|--	|U₄×6(N57)|
o0900839	s	GIBIL--	GIBIL
o0901709	s	SANGA-SANGA~a-	SANGA~a
o0900312	s	DUB-DUB~a-	DUB~a
o0902860	n	3(N01)--	3(N01)
o0900229	s	DAR-DAR~b-	DAR~b
o0902384	s	UŠ-UŠ~a-	UŠ~a
o0901639	s	PAP-PAP~a-	PAP~a
o0902860	n	3(N01)--	3(N01)
o0900860	s	GIR₃-GIR₃~c-	GIR₃~c
o0903368	s	X--	X
o0902858	n	1(N01)--	1(N01)
o0902506	s	ZATU659--	ZATU659
o0902858	n	1(N01)--	1(N01)
o0901145	s	KU₆-KU₆~a-	KU₆~a
o0900000	s	A--	A
o0902858	n	1(N01)--	1(N01)
o0901584	s	NU--	NU
o0902858	n	1(N01)--	1(N01)
o0902858	n	1(N01)--	1(N01)
o0902858	n	1(N01)--	1(N01)
o0903368	s	X--	X
o0903368	s	X--	X
o0902858	n	1(N01)--	1(N01)
o0900115	s	BA--	BA
o0903368	s	X--	X
o0902858	n	1(N01)--	1(N01)
o0900513	s	EN-EN~a-	EN~a
o0901376	s	MAŠ--	MAŠ
o0902858	n	1(N01)--	1(N01)
o0900513	s	EN-EN~a-	EN~a
o0903368	s	X--	X
o0903368	s	X--	X
o0901384	s	MEN-MEN~a-	MEN~a
o0901380	s	ME-ME~a-	ME~a
o0902858	n	1(N01)--	1(N01)
o0903100	n	2(N39)-2(N39~a)-	2(N39~a)
o0900493	s	E₂-E₂~a-	E₂~a
o0902060	s	ŠUBUR--	ŠUBUR
o0901483	s	NE-NE~a-	NE~a
o0903368	s	X--	X
o0901625	s	PA-PA~a-	PA~a
o0903368	s	X--	X
o0900115	s	BA--	BA
o0903368	s	X--	X
o0902033	s	ŠU--	ŠU
o0902861	n	4(N01)--	4(N01)
o0903368	s	X--	X
o0903368	s	X--	X
o0902339	s	URU-URU~a1-	URU~a1
o0901723	c	|SAR×ŠE|-|SAR~a×ŠE~a|-	|SAR~a×ŠE~a|
o0902859	n	2(N01)--	2(N01)
o0903368	s	X--	X
o0902860	n	3(N01)--	3(N01)
o0901697	s	SAL--	SAL
o0903368	s	X--	X
o0902859	n	2(N01)--	2(N01)
o0901625	s	PA-PA~a-	PA~a
o0903368	s	X--	X
o0902858	n	1(N01)--	1(N01)
o0901639	s	PAP-PAP~a-	PAP~a
o0903368	s	X--	X
o0902858	n	1(N01)--	1(N01)
o0903368	s	X--	X
o0902858	n	1(N01)--	1(N01)
o0903368	s	X--	X
o0902858	n	1(N01)--	1(N01)
o0903368	s	X--	X
o0902858	n	1(N01)--	1(N01)
o0900513	s	EN-EN~a-	EN~a
o0903368	s	X--	X
o0902858	n	1(N01)--	1(N01)
o0902935	n	5(N14)-5(N14)~v1-	5(N14)
o0902859	n	2(N01)--	2(N01)
o0900115	s	BA--	BA
o0900983	s	IB-IB~a-	IB~a
o0901128	s	KIŠ--	KIŠ
o0903368	s	X--	X
o0903368	s	X--	X
o0902858	n	1(N01)--	1(N01)
o0903368	s	X--	X
o0902858	n	1(N01)--	1(N01)
o0903368	s	X--	X
o0902858	n	1(N01)--	1(N01)
o0903368	s	X--	X
o0903368	s	X--	X
o0903368	s	X--	X
o0902914	n	3(N08)--	3(N08)
o0901677	s	SAG--	SAG
o0901946	s	ŠE-ŠE~a-	ŠE~a
o0902930	n	2(N14)--	2(N14)
o0902744	s	ZATU776--	ZATU776
o0903368	s	X--	X
o0903368	s	X--	X
o0903368	s	X--	X
o0903368	s	X--	X
o0903368	s	X--	X
o0903210	n	1(N57)--	1(N57)
o0900115	s	BA--	BA
o0903368	s	X--	X
o0903368	s	X--	X
o0901955	c	|ŠE.NAM₂|-|ŠE~a.NAM₂|-	|ŠE~a.NAM₂|
o0903368	s	X--	X
o0903368	s	X--	X
o0902858	n	1(N01)--	1(N01)
o0903368	s	X--	X
o0900279	s	DU--	DU
o0902858	n	1(N01)--	1(N01)
o0903368	s	X--	X
o0901501	s	NI-NI~a-	NI~a
o0903368	s	X--	X
o0903368	s	X--	X
o0903368	s	X--	X
o0902859	n	2(N01)--	2(N01)
o0902858	n	1(N01)--	1(N01)
o0901592	s	NUN-NUN~a-	NUN~a
o0901234	c	|LAGAB×SI|-|LAGAB~a×SI~v1|-	|LAGAB~a×SI|
o0903368	s	X--	X
o0903368	s	X--	X
o0902932	n	3(N14)--	3(N14)
o0903368	s	X--	X
o0903368	s	X--	X
o0900494	s	E₂-E₂~b-	E₂~b
o0903368	s	X--	X
o0901090	s	KI--	KI
o0902865	n	8(N01)--	8(N01)
o0900779	s	GAR--	GAR
o0902207	c	|U₄×2(N57)|--	|U₄×2(N57)|
o0900012	s	AB-AB~a-	AB~a
o0903028	n	1(N28)--	1(N28)
o0902206	c	|U₄×1(N57)|--	|U₄×1(N57)|
o0901946	s	ŠE-ŠE~a-	ŠE~a
o0903100	n	2(N39)-2(N39~a)-	2(N39~a)
o0903016	n	1(N24)--	1(N24)
o0902171	c	|U₄.1(N14)|--	|U₄.1(N14)|
o0901946	s	ŠE-ŠE~a-	ŠE~a
o0902858	n	1(N01)--	1(N01)
o0901946	s	ŠE-ŠE~a-	ŠE~a
o0902933	n	4(N14)--	4(N14)
o0903368	s	X--	X
o0902929	n	1(N14)--	1(N14)
o0902178	c	|U₄×1(N01)|--	|U₄×1(N01)|
o0901245	c	|LAGAB×ŠITA|-|LAGAB~a×ŠITA~a1|-	|LAGAB~a×ŠITA~a1|
o0901639	s	PAP-PAP~a-	PAP~a
o0903016	n	1(N24)--	1(N24)
o0902206	c	|U₄×1(N57)|--	|U₄×1(N57)|
o0902884	n	1(N04)--	1(N04)
o0902858	n	1(N01)--	1(N01)
o0903115	n	1(N41)--	1(N41)
o0903097	n	1(N39)-1(N39~a)-	1(N39~a)
o0902198	c	|U₄×(1(N14).2(N01))|--	|U₄×(1(N14).2(N01))|
o0902858	n	1(N01)--	1(N01)
o0903368	s	X--	X
o0902178	c	|U₄×1(N01)|--	|U₄×1(N01)|
o0900920	s	GUG₂--	GUG₂
o0903116	n	2(N41)--	2(N41)
o0903043	n	2(N29A)-2(N29A~b)-	2(N29A~b)
o0902198	c	|U₄×(1(N14).2(N01))|--	|U₄×(1(N14).2(N01))|
o0902862	n	5(N01)--	5(N01)
o0902178	c	|U₄×1(N01)|--	|U₄×1(N01)|
o0903368	s	X--	X
o0903100	n	2(N39)-2(N39~a)-	2(N39~a)
o0903016	n	1(N24)--	1(N24)
o0902178	c	|U₄×1(N01)|--	|U₄×1(N01)|
o0903028	n	1(N28)--	1(N28)
o0901946	s	ŠE-ŠE~a-	ŠE~a
o0900207	s	BULUG₃--	BULUG₃
o0902929	n	1(N14)--	1(N14)
o0902858	n	1(N01)--	1(N01)
o0903097	n	1(N39)-1(N39~a)-	1(N39~a)
o0902198	c	|U₄×(1(N14).2(N01))|--	|U₄×(1(N14).2(N01))|
o0903368	s	X--	X
o0903028	n	1(N28)--	1(N28)
o0902206	c	|U₄×1(N57)|--	|U₄×1(N57)|
o0901946	s	ŠE-ŠE~a-	ŠE~a
o0902859	n	2(N01)--	2(N01)
o0903016	n	1(N24)--	1(N24)
o0902178	c	|U₄×1(N01)|--	|U₄×1(N01)|
o0902933	n	4(N14)--	4(N14)
o0902858	n	1(N01)--	1(N01)
o0903097	n	1(N39)-1(N39~a)-	1(N39~a)
o0902198	c	|U₄×(1(N14).2(N01))|--	|U₄×(1(N14).2(N01))|
o0901946	s	ŠE-ŠE~a-	ŠE~a
o0902859	n	2(N01)--	2(N01)
o0901946	s	ŠE-ŠE~a-	ŠE~a
o0902100	s	TAR-TAR~a-	TAR~a
o0903310	n	1(N30E)--	1(N30~e)
o0903115	n	1(N41)--	1(N41)
o0902178	c	|U₄×1(N01)|--	|U₄×1(N01)|
o0902885	n	2(N04)--	2(N04)
o0903118	n	4(N41)--	4(N41)
o0903037	n	2(N29)-2(N29~a)-	2(N29~a)
o0902198	c	|U₄×(1(N14).2(N01))|--	|U₄×(1(N14).2(N01))|
o0903115	n	1(N41)--	1(N41)
o0903097	n	1(N39)-1(N39~a)-	1(N39~a)
o0903336	n	1(N24)-1(N24B)-	1(N24~b)
o0903339	n	1(N29A)-1(N29AB)-	1(N29A~b)
o0903051	n	1(N30A)--	1(N30~a)
o0902935	n	5(N14)-5(N14)~v1-	5(N14)
o0902884	n	1(N04)--	1(N04)
o0903016	n	1(N24)--	1(N24)
o0903023	n	1(N26)--	1(N26)
o0903056	n	1(N31)--	1(N31)
o0901946	s	ŠE-ŠE~a-	ŠE~a
o0902198	c	|U₄×(1(N14).2(N01))|--	|U₄×(1(N14).2(N01))|
o0901080	s	KAŠ-KAŠ~b-	KAŠ~b
o0900217	s	DA-DA~a-	DA~a
o0900089	s	AN--	AN
o0900012	s	AB-AB~a-	AB~a
o0900822	c	|GI&GI|--	|GI&GI|
o0900154	s	BAR--	BAR
o0902858	n	1(N01)--	1(N01)
o0903368	s	X--	X
o0903368	s	X--	X
o0902863	n	6(N01)--	6(N01)
o0901639	s	PAP-PAP~a-	PAP~a
o0900484	s	DUR-DUR~b-	DUR~b
o0902859	n	2(N01)--	2(N01)
o0902860	n	3(N01)--	3(N01)
o0900484	s	DUR-DUR~b-	DUR~b
o0902858	n	1(N01)--	1(N01)
o0901377	s	MAŠ₂--	MAŠ₂
o0901501	s	NI-NI~a-	NI~a
o0903234	n	3(N57)--	3(N57)
o0902863	n	6(N01)--	6(N01)
o0900806	s	GI--	GI
o0902858	n	1(N01)--	1(N01)
o0901377	s	MAŠ₂--	MAŠ₂
o0902453	s	ZATU628-ZATU628~a-	ZATU628~a
o0900269	s	DIM-DIM~a-	DIM~a
o0901697	s	SAL--	SAL
o0902858	n	1(N01)--	1(N01)
o0901593	s	NUN-NUN~b-	NUN~b
o0900269	s	DIM-DIM~a-	DIM~a
o0902858	n	1(N01)--	1(N01)
o0901593	s	NUN-NUN~b-	NUN~b
o0900779	s	GAR--	GAR
o0901677	s	SAG--	SAG
o0902575	s	ZATU694-ZATU694~c-	ZATU694~c
o0902860	n	3(N01)--	3(N01)
o0900484	s	DUR-DUR~b-	DUR~b
o0902234	s	UD₅-UD₅~a-	UD₅~a
o0902858	n	1(N01)--	1(N01)
o0900806	s	GI--	GI
o0902859	n	2(N01)--	2(N01)
o0903368	s	X--	X
o0902862	n	5(N01)--	5(N01)
o0900806	s	GI--	GI
o0902863	n	6(N01)--	6(N01)
o0902860	n	3(N01)--	3(N01)
o0901724	s	SI--	SI
o0902102	s	TE--	TE
o0901518	s	NIM-NIM~b2-	NIM~b2
o0902858	n	1(N01)--	1(N01)
o0902860	n	3(N01)--	3(N01)
o0902811	s	ZATU843--	ZATU843
o0902860	n	3(N01)--	3(N01)
o0902859	n	2(N01)--	2(N01)
o0901437	s	NA-NA~a-	NA~a
o0900806	s	GI--	GI
o0901145	s	KU₆-KU₆~a-	KU₆~a
o0902858	n	1(N01)--	1(N01)
o0902858	n	1(N01)--	1(N01)
o0900484	s	DUR-DUR~b-	DUR~b
o0902862	n	5(N01)--	5(N01)
o0902243	s	UDU-UDU~a-	UDU~a
o0902864	n	7(N01)--	7(N01)
o0901377	s	MAŠ₂--	MAŠ₂
o0902933	n	4(N14)--	4(N14)
o0902858	n	1(N01)--	1(N01)
o0900484	s	DUR-DUR~b-	DUR~b
o0902930	n	2(N14)--	2(N14)
o0902860	n	3(N01)--	3(N01)
o0902243	s	UDU-UDU~a-	UDU~a
o0900806	s	GI--	GI
o0901277	c	|LAL₂×NIM|-|LAL₂~a×NIM~b2|-	|LAL₂~a×NIM~b2|
o0900177	s	BU-BU~b-	BU~b
o0902933	n	4(N14)--	4(N14)
o0900115	s	BA--	BA
o0902708	s	ZATU757--	ZATU757
o0901407	s	MUN-MUN~a1-	MUN~a1
o0902930	n	2(N14)--	2(N14)
o0902861	n	4(N01)--	4(N01)
o0901946	s	ŠE-ŠE~a-	ŠE~a
o0900541	s	ERIM-ERIM~a-	ERIM~a
o0901677	s	SAG--	SAG
o0902929	n	1(N14)--	1(N14)
o0901946	s	ŠE-ŠE~a-	ŠE~a
o0902929	n	1(N14)--	1(N14)
o0902859	n	2(N01)--	2(N01)
o0901946	s	ŠE-ŠE~a-	ŠE~a
o0902929	n	1(N14)--	1(N14)
o0901946	s	ŠE-ŠE~a-	ŠE~a
o0902094	s	TAK₄-TAK₄~a-	TAK₄~a
o0902859	n	2(N01)--	2(N01)
o0901946	s	ŠE-ŠE~a-	ŠE~a
o0901946	s	ŠE-ŠE~a-	ŠE~a
o0901145	s	KU₆-KU₆~a-	KU₆~a
o0900012	s	AB-AB~a-	AB~a
o0901080	s	KAŠ-KAŠ~b-	KAŠ~b
o0902930	n	2(N14)--	2(N14)
o0901946	s	ŠE-ŠE~a-	ŠE~a
o0900541	s	ERIM-ERIM~a-	ERIM~a
o0902940	n	9(N14)--	9(N14)
o0902858	n	1(N01)--	1(N01)
o0901145	s	KU₆-KU₆~a-	KU₆~a
o0900012	s	AB-AB~a-	AB~a
o0901080	s	KAŠ-KAŠ~b-	KAŠ~b
o0901946	s	ŠE-ŠE~a-	ŠE~a
o0901090	s	KI--	KI
o0901677	s	SAG--	SAG
o0903059	n	1(N34)--	1(N34)
o0901709	s	SANGA-SANGA~a-	SANGA~a
o0901128	s	KIŠ--	KIŠ
o0902860	n	3(N01)--	3(N01)
o0900513	s	EN-EN~a-	EN~a
o0902116	s	TUG₂-TUG₂~a-	TUG₂~a
o0902858	n	1(N01)--	1(N01)
o0901128	s	KIŠ--	KIŠ
o0902060	s	ŠUBUR--	ŠUBUR
o0901709	s	SANGA-SANGA~a-	SANGA~a
o0902929	n	1(N14)--	1(N14)
o0900513	s	EN-EN~a-	EN~a
o0900082	s	AMAR--	AMAR
o0902860	n	3(N01)--	3(N01)
o0900089	s	AN--	AN
o0902046	c	|ŠU₂.EN|-|ŠU₂~a.EN~a~v1|-	|ŠU₂.EN~a|
o0902929	n	1(N14)--	1(N14)
o0902859	n	2(N01)--	2(N01)
o0901044	s	KAB--	KAB
o0901468	s	NAM₂--	NAM₂
o0902865	n	8(N01)--	8(N01)
o0901044	s	KAB--	KAB
o0901468	s	NAM₂--	NAM₂
o0901955	c	|ŠE.NAM₂|-|ŠE~a.NAM₂|-	|ŠE~a.NAM₂|
o0902863	n	6(N01)--	6(N01)
o0901361	s	MAR-MAR~a-	MAR~a
o0902861	n	4(N01)--	4(N01)
o0900778	s	GAN₂--	GAN₂
o0902858	n	1(N01)--	1(N01)
o0902596	s	ZATU703--	ZATU703
o0900729	s	GAL-GAL~a-	GAL~a
o0901709	s	SANGA-SANGA~a-	SANGA~a
o0901709	s	SANGA-SANGA~a-	SANGA~a
o0903059	n	1(N34)--	1(N34)
o0901472	s	NAMEŠDA--	NAMEŠDA
o0901670	s	RU--	RU
o0902932	n	3(N14)--	3(N14)
o0901452	s	NAGA-NAGA~a-	NAGA~a
o0902930	n	2(N14)--	2(N14)
o0902860	n	3(N01)--	3(N01)
o0902227	s	UB--	UB
o0903059	n	1(N34)--	1(N34)
o0901709	s	SANGA-SANGA~a-	SANGA~a
o0901128	s	KIŠ--	KIŠ
o0900115	s	BA--	BA
o0902929	n	1(N14)--	1(N14)
o0900115	s	BA--	BA
o0903059	n	1(N34)--	1(N34)
o0902929	n	1(N14)--	1(N14)
o0902865	n	8(N01)--	8(N01)
o0902227	s	UB--	UB
o0902033	s	ŠU--	ŠU
o0902935	n	5(N14)-5(N14)~v1-	5(N14)
o0901128	s	KIŠ--	KIŠ
o0902864	n	7(N01)--	7(N01)
o0901609	c	|NUN+EN|-|NUN~b+EN~a|-	|EN~a+NUN~b|
o0903368	s	X--	X
o0901709	s	SANGA-SANGA~a-	SANGA~a
o0903064	n	5(N34)--	5(N34)
o0902933	n	4(N14)--	4(N14)
o0902863	n	6(N01)--	6(N01)
o0900115	s	BA--	BA
o0903061	n	2(N34)--	2(N34)
o0902929	n	1(N14)--	1(N14)
o0902862	n	5(N01)--	5(N01)
o0902033	s	ŠU--	ŠU
o0902929	n	1(N14)--	1(N14)
o0903067	n	8(N34)--	8(N34)
o0902929	n	1(N14)--	1(N14)
o0902858	n	1(N01)--	1(N01)
o0900115	s	BA--	BA
o0901128	s	KIŠ--	KIŠ
o0902858	n	1(N01)--	1(N01)
o0901128	s	KIŠ--	KIŠ
o0901697	s	SAL--	SAL
o0900541	s	ERIM-ERIM~a-	ERIM~a
o0900113	s	AZ--	AZ
o0902858	n	1(N01)--	1(N01)
o0901128	s	KIŠ--	KIŠ
o0901158	s	KUR-KUR~a-	KUR~a
o0902858	n	1(N01)--	1(N01)
o0901128	s	KIŠ--	KIŠ
o0901697	s	SAL--	SAL
o0900485	s	DUR₂--	DUR₂
o0903281	c	|1(N58).BAD|--	|1(N58).BAD~a|
o0902858	n	1(N01)--	1(N01)
o0901128	s	KIŠ--	KIŠ
o0901158	s	KUR-KUR~a-	KUR~a
o0902858	n	1(N01)--	1(N01)
o0903368	s	X--	X
o0901697	s	SAL--	SAL
o0903368	s	X--	X
o0902575	s	ZATU694-ZATU694~c-	ZATU694~c
o0902858	n	1(N01)--	1(N01)
o0901158	s	KUR-KUR~a-	KUR~a
o0902859	n	2(N01)--	2(N01)
o0901697	s	SAL--	SAL
o0901128	s	KIŠ--	KIŠ
o0901670	s	RU--	RU
o0902858	n	1(N01)--	1(N01)
o0901158	s	KUR-KUR~a-	KUR~a
o0902858	n	1(N01)--	1(N01)
o0900730	s	GAL-GAL~b-	GAL~b
o0902858	n	1(N01)--	1(N01)
o0901158	s	KUR-KUR~a-	KUR~a
o0900513	s	EN-EN~a-	EN~a
o0901648	s	PIRIG-PIRIG~b1-	PIRIG~b1
o0902858	n	1(N01)--	1(N01)
o0901158	s	KUR-KUR~a-	KUR~a
o0901625	s	PA-PA~a-	PA~a
o0901313	s	MA--	MA
o0900883	c	|GIŠ×ŠU₂|-|GIŠ×ŠU₂~a|-	|GIŠ×ŠU₂~a|
o0900000	s	A--	A
o0902858	n	1(N01)--	1(N01)
o0901158	s	KUR-KUR~a-	KUR~a
o0901062	s	KALAM-KALAM~a-	KALAM~a
o0901625	s	PA-PA~a-	PA~a
o0902858	n	1(N01)--	1(N01)
o0901158	s	KUR-KUR~a-	KUR~a
o0901744	s	SI₄-SI₄~f-	SI₄~f
o0902094	s	TAK₄-TAK₄~a-	TAK₄~a
o0902858	n	1(N01)--	1(N01)
o0901697	s	SAL--	SAL
o0901128	s	KIŠ--	KIŠ
o0902862	n	5(N01)--	5(N01)
o0901697	s	SAL--	SAL
o0902929	n	1(N14)--	1(N14)
o0901158	s	KUR-KUR~a-	KUR~a
o0902929	n	1(N14)--	1(N14)
o0902862	n	5(N01)--	5(N01)
o0901709	s	SANGA-SANGA~a-	SANGA~a
o0902060	s	ŠUBUR--	ŠUBUR
o0903368	s	X--	X
o0901662	s	RAD@g-RAD~a@g-	RAD~a@g
o0901128	s	KIŠ--	KIŠ
o0901158	s	KUR-KUR~a-	KUR~a
o0901697	s	SAL--	SAL
o0902858	n	1(N01)--	1(N01)
o0903368	s	X--	X
o0903368	s	X--	X
o0902858	n	1(N01)--	1(N01)
o0903368	s	X--	X
o0900983	s	IB-IB~a-	IB~a
o0902858	n	1(N01)--	1(N01)
o0903368	s	X--	X
o0903368	s	X--	X
o0902858	n	1(N01)--	1(N01)
o0903368	s	X--	X
o0903368	s	X--	X
o0902858	n	1(N01)--	1(N01)
o0901426	s	MUŠEN--	MUŠEN
o0900000	s	A--	A
o0902858	n	1(N01)--	1(N01)
o0900545	s	ERIN--	ERIN
o0902858	n	1(N01)--	1(N01)
o0903368	s	X--	X
o0902861	n	4(N01)--	4(N01)
o0903368	s	X--	X
o0903368	s	X--	X
o0902858	n	1(N01)--	1(N01)
o0903368	s	X--	X
o0903368	s	X--	X
o0902859	n	2(N01)--	2(N01)
o0903368	s	X--	X
o0903210	n	1(N57)--	1(N57)
o0901639	s	PAP-PAP~a-	PAP~a
o0902859	n	2(N01)--	2(N01)
o0903368	s	X--	X
o0900000	s	A--	A
o0902859	n	2(N01)--	2(N01)
o0900207	s	BULUG₃--	BULUG₃
o0903368	s	X--	X
o0902860	n	3(N01)--	3(N01)
o0903368	s	X--	X
o0900513	s	EN-EN~a-	EN~a
o0902859	n	2(N01)--	2(N01)
o0901361	s	MAR-MAR~a-	MAR~a
o0902860	n	3(N01)--	3(N01)
o0902858	n	1(N01)--	1(N01)
o0901739	s	SI₄-SI₄~a-	SI₄~a
o0902859	n	2(N01)--	2(N01)
o0903368	s	X--	X
o0902861	n	4(N01)--	4(N01)
o0903368	s	X--	X
o0902859	n	2(N01)--	2(N01)
o0901930	s	ŠAGAN--	ŠAGAN
o0900778	s	GAN₂--	GAN₂
o0902859	n	2(N01)--	2(N01)
o0902317	s	UR₃-UR₃~b1-	UR₃~b1
o0901639	s	PAP-PAP~a-	PAP~a
o0902858	n	1(N01)--	1(N01)
o0903368	s	X--	X
o0903368	s	X--	X
o0902858	n	1(N01)--	1(N01)
o0900175	s	BU-BU~a-	BU~a
o0903368	s	X--	X
o0902859	n	2(N01)--	2(N01)
o0900625	c	|GA₂×DUB|-|GA₂~b×DUB~a|-	|GA₂~b×DUB~a|
o0902860	n	3(N01)--	3(N01)
o0902858	n	1(N01)--	1(N01)
o0903368	s	X--	X
o0903368	s	X--	X
o0902933	n	4(N14)--	4(N14)
o0902866	n	9(N01)--	9(N01)
o0902860	n	3(N01)--	3(N01)
o0902935	n	5(N14)-5(N14)~v1-	5(N14)
o0902859	n	2(N01)--	2(N01)
o0901128	s	KIŠ--	KIŠ
o0900287	s	DU₆-DU₆~b-	DU₆~b
o0901910	s	ŠA--	ŠA
o0901524	s	NIN--	NIN
o0902858	n	1(N01)--	1(N01)
o0902243	s	UDU-UDU~a-	UDU~a
o0902974	n	3(N19)--	3(N19)
o0901677	s	SAG--	SAG
o0903368	s	X--	X
o0901926	s	ŠAB-ŠAB~a-	ŠAB~a
o0900513	s	EN-EN~a-	EN~a
o0900100	s	APIN-APIN~a-	APIN~a
o0900729	s	GAL-GAL~a-	GAL~a
o0902406	s	UTUL-UTUL~a-	UTUL~a
o0902860	n	3(N01)--	3(N01)
o0902074	s	TA-TA~a-	TA~a
o0900513	s	EN-EN~a-	EN~a
o0902033	s	ŠU--	ŠU
o0900729	s	GAL-GAL~a-	GAL~a
o0902406	s	UTUL-UTUL~a-	UTUL~a
o0903097	n	1(N39)-1(N39~a)-	1(N39~a)
o0903016	n	1(N24)--	1(N24)
o0901930	s	ŠAGAN--	ŠAGAN
o0900513	s	EN-EN~a-	EN~a
o0902033	s	ŠU--	ŠU
o0900729	s	GAL-GAL~a-	GAL~a
o0902406	s	UTUL-UTUL~a-	UTUL~a
o0903016	n	1(N24)--	1(N24)
o0901468	s	NAM₂--	NAM₂
o0901625	s	PA-PA~a-	PA~a
o0901659	s	RAD-RAD~a-	RAD~a
o0902860	n	3(N01)--	3(N01)
o0900806	s	GI--	GI
o0903368	s	X--	X
o0902858	n	1(N01)--	1(N01)
o0903107	n	4(N39)-4(N39~a)-	4(N39~a)
o0902074	s	TA-TA~a-	TA~a
o0900729	s	GAL-GAL~a-	GAL~a
o0902406	s	UTUL-UTUL~a-	UTUL~a
o0903097	n	1(N39)-1(N39~a)-	1(N39~a)
o0903016	n	1(N24)--	1(N24)
o0900778	s	GAN₂--	GAN₂
o0901581	s	NIR-NIR~b-	NIR~b
o0901709	s	SANGA-SANGA~a-	SANGA~a
o0903134	n	1(N45)--	1(N45)
o0902929	n	1(N14)--	1(N14)
o0902859	n	2(N01)--	2(N01)
o0901946	s	ŠE-ŠE~a-	ŠE~a
o0902860	n	3(N01)--	3(N01)
o0902243	s	UDU-UDU~a-	UDU~a
o0903196	n	1(N52)--	1(N52)
o0903001	n	3(N21)--	3(N21)
o0900513	s	EN-EN~a-	EN~a
o0901625	s	PA-PA~a-	PA~a
o0900513	s	EN-EN~a-	EN~a
o0900279	s	DU--	DU
o0902227	s	UB--	UB
o0901142	s	KU₃-KU₃~a-	KU₃~a
o0900000	s	A--	A
o0900513	s	EN-EN~a-	EN~a
o0901448	s	NAB--	NAB
o0900312	s	DUB-DUB~a-	DUB~a
o0903137	n	2(N45)--	2(N45)
o0902929	n	1(N14)--	1(N14)
o0900279	s	DU--	DU
o0901145	s	KU₆-KU₆~a-	KU₆~a
o0903134	n	1(N45)--	1(N45)
o0901501	s	NI-NI~a-	NI~a
o0901075	s	KASKAL--	KASKAL
o0902935	n	5(N14)-5(N14)~v1-	5(N14)
o0902860	n	3(N01)--	3(N01)
o0901090	s	KI--	KI
o0903280	n	1(N58)--	1(N58)
o0901090	s	KI--	KI
o0902929	n	1(N14)--	1(N14)
o0902860	n	3(N01)--	3(N01)
o0900513	s	EN-EN~a-	EN~a
o0902156	s	U₂-U₂~a-	U₂~a
o0902932	n	3(N14)--	3(N14)
o0902859	n	2(N01)--	2(N01)
o0901158	s	KUR-KUR~a-	KUR~a
o0900493	s	E₂-E₂~a-	E₂~a
o0902930	n	2(N14)--	2(N14)
o0902858	n	1(N01)--	1(N01)
o0903097	n	1(N39)-1(N39~a)-	1(N39~a)
o0901380	s	ME-ME~a-	ME~a
o0901746	s	SIG--	SIG
o0900175	s	BU-BU~a-	BU~a
o0900806	s	GI--	GI
o0902932	n	3(N14)--	3(N14)
o0901158	s	KUR-KUR~a-	KUR~a
o0902327	s	UR₅-UR₅~a-	UR₅~a
o0902939	n	8(N14)--	8(N14)
o0900778	s	GAN₂--	GAN₂
o0902361	c	|URU×3(N57)|-|URU~a1×3(N57)|-	|URU~a1×3(N57)|
o0902933	n	4(N14)--	4(N14)
o0900960	s	HI--	HI
o0901751	s	SIG₂-SIG₂~a1-	SIG₂~a1
o0902859	n	2(N01)--	2(N01)
o0901158	s	KUR-KUR~a-	KUR~a
o0900493	s	E₂-E₂~a-	E₂~a
o0902940	n	9(N14)--	9(N14)
o0902862	n	5(N01)--	5(N01)
o0903104	n	3(N39)-3(N39~a)-	3(N39~a)
o0902033	s	ŠU--	ŠU
o0902139	s	TUR--	TUR
o0902929	n	1(N14)--	1(N14)
o0900513	s	EN-EN~a-	EN~a
o0900279	s	DU--	DU
o0901639	s	PAP-PAP~a-	PAP~a
o0902929	n	1(N14)--	1(N14)
o0903234	n	3(N57)--	3(N57)
o0900532	c	|EN₂.E₂|-|EN₂.E₂~b|-	|EN₂.E₂~b|
o0902929	n	1(N14)--	1(N14)
o0900778	s	GAN₂--	GAN₂
o0902361	c	|URU×3(N57)|-|URU~a1×3(N57)|-	|URU~a1×3(N57)|
o0902327	s	UR₅-UR₅~a-	UR₅~a
o0902107	s	TI@t--	TI@t
o0901284	s	LAM-LAM~b-	LAM~b
o0903154	n	2(N46)--	2(N46)
o0901090	s	KI--	KI
o0902973	n	2(N19)--	2(N19)
o0903368	s	X--	X
o0902973	n	2(N19)--	2(N19)
o0902327	s	UR₅-UR₅~a-	UR₅~a
o0902361	c	|URU×3(N57)|-|URU~a1×3(N57)|-	|URU~a1×3(N57)|
o0900778	s	GAN₂--	GAN₂
o0903059	n	1(N34)--	1(N34)
o0903134	n	1(N45)--	1(N45)
o0902937	n	6(N14)-6(N14)~v1-	6(N14)
o0902861	n	4(N01)--	4(N01)
o0900778	s	GAN₂--	GAN₂
o0902361	c	|URU×3(N57)|-|URU~a1×3(N57)|-	|URU~a1×3(N57)|
o0901946	s	ŠE-ŠE~a-	ŠE~a
o0903059	n	1(N34)--	1(N34)
o0903134	n	1(N45)--	1(N45)
o0902929	n	1(N14)--	1(N14)
o0903097	n	1(N39)-1(N39~a)-	1(N39~a)
o0901677	s	SAG--	SAG
o0902937	n	6(N14)-6(N14)~v1-	6(N14)
o0902860	n	3(N01)--	3(N01)
o0903107	n	4(N39)-4(N39~a)-	4(N39~a)
o0900115	s	BA--	BA
o0901090	s	KI--	KI
o0903137	n	2(N45)--	2(N45)
o0902935	n	5(N14)-5(N14)~v1-	5(N14)
o0902859	n	2(N01)--	2(N01)
o0903107	n	4(N39)-4(N39~a)-	4(N39~a)
o0902107	s	TI@t--	TI@t
o0901284	s	LAM-LAM~b-	LAM~b
o0903134	n	1(N45)--	1(N45)
o0902938	n	7(N14)--	7(N14)
o0902858	n	1(N01)--	1(N01)
o0903104	n	3(N39)-3(N39~a)-	3(N39~a)
o0901677	s	SAG--	SAG
o0902939	n	8(N14)--	8(N14)
o0902858	n	1(N01)--	1(N01)
o0903097	n	1(N39)-1(N39~a)-	1(N39~a)
o0900115	s	BA--	BA
o0901090	s	KI--	KI
o0903154	n	2(N46)--	2(N46)
o0902973	n	2(N19)--	2(N19)
o0902885	n	2(N04)--	2(N04)
o0903153	n	1(N46)--	1(N46)
o0902974	n	3(N19)--	3(N19)
o0902888	n	5(N04)--	5(N04)
o0903115	n	1(N41)--	1(N41)
o0901677	s	SAG--	SAG
o0902979	n	8(N19)--	8(N19)
o0902885	n	2(N04)--	2(N04)
o0903118	n	4(N41)--	4(N41)
o0900115	s	BA--	BA
o0901090	s	KI--	KI
o0900822	c	|GI&GI|--	|GI&GI|
o0901090	s	KI--	KI
o0902865	n	8(N01)--	8(N01)
o0900075	s	AM-AM~b-	AM~b
o0902860	n	3(N01)--	3(N01)
o0902596	s	ZATU703--	ZATU703
o0902859	n	2(N01)--	2(N01)
o0902094	s	TAK₄-TAK₄~a-	TAK₄~a
o0901670	s	RU--	RU
o0902859	n	2(N01)--	2(N01)
o0902206	c	|U₄×1(N57)|--	|U₄×1(N57)|
o0902861	n	4(N01)--	4(N01)
o0901639	s	PAP-PAP~a-	PAP~a
o0903234	n	3(N57)--	3(N57)
o0902859	n	2(N01)--	2(N01)
o0901138	s	KU-KU~b2-	KU~b2
o0901961	s	ŠE@t-ŠE~a@t-	ŠE~a@t
o0902860	n	3(N01)--	3(N01)
o0900983	s	IB-IB~a-	IB~a
o0900056	s	ADAB--	ADAB
o0902859	n	2(N01)--	2(N01)
o0901887	s	SUKKAL--	SUKKAL
o0902859	n	2(N01)--	2(N01)
o0903368	s	X--	X
o0902859	n	2(N01)--	2(N01)
o0901625	s	PA-PA~a-	PA~a
o0902866	n	9(N01)--	9(N01)
o0900875	s	GIŠ--	GIŠ
o0903368	s	X--	X
o0902861	n	4(N01)--	4(N01)
o0900960	s	HI--	HI
o0901709	s	SANGA-SANGA~a-	SANGA~a
o0902858	n	1(N01)--	1(N01)
o0903234	n	3(N57)--	3(N57)
o0901639	s	PAP-PAP~a-	PAP~a
o0901361	s	MAR-MAR~a-	MAR~a
o0902859	n	2(N01)--	2(N01)
o0900546	s	EŠDA--	EŠDA
o0902094	s	TAK₄-TAK₄~a-	TAK₄~a
o0900000	s	A--	A
o0902859	n	2(N01)--	2(N01)
o0901091	s	KI@n--	KI@n
o0901472	s	NAMEŠDA--	NAMEŠDA
o0902859	n	2(N01)--	2(N01)
o0900545	s	ERIN--	ERIN
o0902858	n	1(N01)--	1(N01)
o0901639	s	PAP-PAP~a-	PAP~a
o0902858	n	1(N01)--	1(N01)
o0900513	s	EN-EN~a-	EN~a
o0902858	n	1(N01)--	1(N01)
o0900012	s	AB-AB~a-	AB~a
o0902858	n	1(N01)--	1(N01)
o0901744	s	SI₄-SI₄~f-	SI₄~f
o0902935	n	5(N14)-5(N14)~v1-	5(N14)
o0902861	n	4(N01)--	4(N01)
o0901128	s	KIŠ--	KIŠ
o0903234	n	3(N57)--	3(N57)
o0901709	s	SANGA-SANGA~a-	SANGA~a
o0903368	s	X--	X
o0902033	s	ŠU--	ŠU
o0900301	c	|DU₈×AMAR|-|DU₈~c×AMAR|-	|DU₈~c×AMAR|
o0900960	s	HI--	HI
o0900053	s	AD-AD~a-	AD~a
o0901697	s	SAL--	SAL
o0900154	s	BAR--	BAR
o0902103	s	TI--	TI~a
o0900205	s	BU₃--	BU₃~a
o0900724	s	GADA-GADA~a-	GADA~a
o0902559	s	ZATU686-ZATU686~c-	ZATU686~c
o0901639	s	PAP-PAP~a-	PAP~a
o0902116	s	TUG₂-TUG₂~a-	TUG₂~a
o0900215	s	BUR₂--	BUR₂
o0902411	s	UZ-UZ~a-	UZ~a
o0902575	s	ZATU694-ZATU694~c-	ZATU694~c
o0902116	s	TUG₂-TUG₂~a-	TUG₂~a
o0900215	s	BUR₂--	BUR₂
o0900513	s	EN-EN~a-	EN~a
o0902161	s	U₄--	U₄
o0902103	s	TI--	TI~a
o0900899	s	GIŠIMMAR-GIŠIMMAR~b1-	GIŠIMMAR~b1
o0901697	s	SAL--	SAL
o0900100	s	APIN-APIN~a-	APIN~a
o0900724	s	GADA-GADA~a-	GADA~a
o0900089	s	AN--	AN
o0902157	s	U₂-U₂~b-	U₂~b
o0902136	s	TUN₃-TUN₃~a-	TUN₃~a
o0901639	s	PAP-PAP~a-	PAP~a
o0901648	s	PIRIG-PIRIG~b1-	PIRIG~b1
o0902862	n	5(N01)--	5(N01)
o0901128	s	KIŠ--	KIŠ
o0902033	s	ŠU--	ŠU
o0901380	s	ME-ME~a-	ME~a
o0902863	n	6(N01)--	6(N01)
o0900189	c	|BU&BU|-|BU~a&BU~a|-	|BU~a&BU~a|
o0902859	n	2(N01)--	2(N01)
o0902136	s	TUN₃-TUN₃~a-	TUN₃~a
o0902858	n	1(N01)--	1(N01)
o0902083	s	TAG-TAG~a1-	TAG~a1
o0902858	n	1(N01)--	1(N01)
o0900899	s	GIŠIMMAR-GIŠIMMAR~b1-	GIŠIMMAR~b1
o0902859	n	2(N01)--	2(N01)
o0902243	s	UDU-UDU~a-	UDU~a
o0900855	s	GIR₂-GIR₂~a-	GIR₂~a
o0902861	n	4(N01)--	4(N01)
o0901145	s	KU₆-KU₆~a-	KU₆~a
o0900855	s	GIR₂-GIR₂~a-	GIR₂~a
o0902859	n	2(N01)--	2(N01)
o0900906	s	GU--	GU~a
o0902596	s	ZATU703--	ZATU703
o0902860	n	3(N01)--	3(N01)
o0902094	s	TAK₄-TAK₄~a-	TAK₄~a
o0900800	s	GEŠTU-GEŠTU~b-	GEŠTU~b
o0902930	n	2(N14)--	2(N14)
o0901584	s	NU--	NU
o0900845	s	GIR-GIR~a-	GIR~a
o0902858	n	1(N01)--	1(N01)
o0901998	s	ŠIR-ŠIR~a-	ŠIR~a
o0902932	n	3(N14)--	3(N14)
o0901881	s	SUHUR--	SUHUR
o0902858	n	1(N01)--	1(N01)
o0900378	c	|DUG×KU₆|-|DUG~a×KU₆~a|-	|DUG~a×KU₆~a|
o0900494	s	E₂-E₂~b-	E₂~b
o0901138	s	KU-KU~b2-	KU~b2
o0902302	s	UR-UR~a-	UR~a
o0901648	s	PIRIG-PIRIG~b1-	PIRIG~b1
o0901639	s	PAP-PAP~a-	PAP~a
o0903059	n	1(N34)--	1(N34)
o0903134	n	1(N45)--	1(N45)
o0902930	n	2(N14)--	2(N14)
o0903097	n	1(N39)-1(N39~a)-	1(N39~a)
o0903016	n	1(N24)--	1(N24)
o0901946	s	ŠE-ŠE~a-	ŠE~a
o0902886	n	3(N04)--	3(N04)
o0902973	n	2(N19)--	2(N19)
o0902884	n	1(N04)--	1(N04)
o0901187	s	LAGAB-LAGAB~b-	LAGAB~b
o0902102	s	TE--	TE
o0901941	s	ŠAM₂--	ŠAM₂
o0900115	s	BA--	BA
o0902862	n	5(N01)--	5(N01)
o0900493	s	E₂-E₂~a-	E₂~a
o0900729	s	GAL-GAL~a-	GAL~a
o0902858	n	1(N01)--	1(N01)
o0900513	s	EN-EN~a-	EN~a
o0902584	s	ZATU697-ZATU697~a-	ZATU697~a
o0902858	n	1(N01)--	1(N01)
o0901677	s	SAG--	SAG
o0902558	s	ZATU686-ZATU686~b-	ZATU686~b
o0902858	n	1(N01)--	1(N01)
o0900089	s	AN--	AN
o0900493	s	E₂-E₂~a-	E₂~a
o0903368	s	X--	X
o0900912	s	GU₇--	GU₇
o0901775	s	SILA₃-SILA₃~a-	SILA₃~a
o0901820	c	|SILA₃×MUD₃|-|SILA₃~a×MUD₃~b|-	|SILA₃~a+MUD₃~b|
o0902929	n	1(N14)--	1(N14)
o0902862	n	5(N01)--	5(N01)
o0901881	s	SUHUR--	SUHUR
o0902290	s	UMUN₂--	UMUN₂
o0900729	s	GAL-GAL~a-	GAL~a
o0902139	s	TUR--	TUR
o0901625	s	PA-PA~a-	PA~a
o0901393	s	MUD--	MUD
o0900983	s	IB-IB~a-	IB~a
o0901697	s	SAL--	SAL
o0901639	s	PAP-PAP~a-	PAP~a
o0903368	s	X--	X
o0902139	s	TUR--	TUR
o0902866	n	9(N01)--	9(N01)
o0901426	s	MUŠEN--	MUŠEN
o0902060	s	ŠUBUR--	ŠUBUR
o0900960	s	HI--	HI
o0902060	s	ŠUBUR--	ŠUBUR
o0902822	s	ZATU854--	ZATU854
o0902033	s	ŠU--	ŠU
o0902139	s	TUR--	TUR
o0903220	c	|1(N57).ŠUBUR|--	|1(N57).ŠUBUR|
o0902033	s	ŠU--	ŠU
o0901625	s	PA-PA~a-	PA~a
o0903059	n	1(N34)--	1(N34)
o0902933	n	4(N14)--	4(N14)
o0902860	n	3(N01)--	3(N01)
o0901881	s	SUHUR--	SUHUR
o0902860	n	3(N01)--	3(N01)
o0900729	s	GAL-GAL~a-	GAL~a
o0901881	s	SUHUR--	SUHUR
o0902930	n	2(N14)--	2(N14)
o0902860	n	3(N01)--	3(N01)
o0900279	s	DU--	DU
o0901709	s	SANGA-SANGA~a-	SANGA~a
o0903062	n	3(N34)--	3(N34)
o0902932	n	3(N14)--	3(N14)
o0902863	n	6(N01)--	6(N01)
o0903368	s	X--	X
o0901380	s	ME-ME~a-	ME~a
o0901881	s	SUHUR--	SUHUR
o0902930	n	2(N14)--	2(N14)
o0902863	n	6(N01)--	6(N01)
o0901881	s	SUHUR--	SUHUR
o0902930	n	2(N14)--	2(N14)
o0902863	n	6(N01)--	6(N01)
o0901712	s	SANGA-SANGA~b-	SANGA~b
o0903368	s	X--	X
o0902859	n	2(N01)--	2(N01)
o0903368	s	X--	X
o0901227	c	|LAGAB×NI|-|LAGAB~a×NI~a|-	|LAGAB~a×NI~a|
o0900175	s	BU-BU~a-	BU~a
o0902929	n	1(N14)--	1(N14)
o0902860	n	3(N01)--	3(N01)
o0900779	s	GAR--	GAR
o0902859	n	2(N01)--	2(N01)
o0901361	s	MAR-MAR~a-	MAR~a
o0903368	s	X--	X
o0902859	n	2(N01)--	2(N01)
o0900089	s	AN--	AN
o0903368	s	X--	X
o0903368	s	X--	X
o0903028	n	1(N28)--	1(N28)
o0903368	s	X--	X
o0903368	s	X--	X
o0902866	n	9(N01)--	9(N01)
o0903368	s	X--	X
o0902860	n	3(N01)--	3(N01)
o0902929	n	1(N14)--	1(N14)
o0903028	n	1(N28)--	1(N28)
o0903016	n	1(N24)--	1(N24)
o0903368	s	X--	X
o0903368	s	X--	X
o0900836	s	GI₆--	GI₆~a
o0903368	s	X--	X
o0902929	n	1(N14)--	1(N14)
o0902929	n	1(N14)--	1(N14)
o0903107	n	4(N39)-4(N39~a)-	4(N39~a)
o0901946	s	ŠE-ŠE~a-	ŠE~a
o0902887	n	4(N04)--	4(N04)
o0903368	s	X--	X
o0902242	s	UDU--	UDU
o0902859	n	2(N01)--	2(N01)
o0903368	s	X--	X
o0903100	n	2(N39)-2(N39~a)-	2(N39~a)
o0900975	s	HI@g--	HI@g
o0903368	s	X--	X
o0902858	n	1(N01)--	1(N01)
o0903368	s	X--	X
o0903368	s	X--	X
o0903368	s	X--	X
o0902858	n	1(N01)--	1(N01)
o0903368	s	X--	X
o0903368	s	X--	X
o0903368	s	X--	X
o0903368	s	X--	X
o0901946	s	ŠE-ŠE~a-	ŠE~a
o0903368	s	X--	X
o0903368	s	X--	X
o0903368	s	X--	X
o0903368	s	X--	X
o0903100	n	2(N39)-2(N39~a)-	2(N39~a)
o0900975	s	HI@g--	HI@g
o0903368	s	X--	X
o0903104	n	3(N39)-3(N39~a)-	3(N39~a)
o0903368	s	X--	X
o0903368	s	X--	X
o0903368	s	X--	X
o0903368	s	X--	X
o0903368	s	X--	X
o0903368	s	X--	X
o0903368	s	X--	X
o0901030	s	KA-KA~a-	KA~a
o0902929	n	1(N14)--	1(N14)
o0901310	s	LUGAL--	LUGAL
o0902860	n	3(N01)--	3(N01)
o0903368	s	X--	X
o0901639	s	PAP-PAP~a-	PAP~a
o0903368	s	X--	X
o0903368	s	X--	X
o0903368	s	X--	X
o0901709	s	SANGA-SANGA~a-	SANGA~a
o0901030	s	KA-KA~a-	KA~a
o0901946	s	ŠE-ŠE~a-	ŠE~a
o0900175	s	BU-BU~a-	BU~a
o0902858	n	1(N01)--	1(N01)
o0903104	n	3(N39)-3(N39~a)-	3(N39~a)
o0903368	s	X--	X
o0900336	s	DUG-DUG~c~v1-	DUG~c
o0903368	s	X--	X
o0903368	s	X--	X
o0902858	n	1(N01)--	1(N01)
o0903368	s	X--	X
o0903368	s	X--	X
o0903368	s	X--	X
o0902930	n	2(N14)--	2(N14)
o0902863	n	6(N01)--	6(N01)
o0902242	s	UDU--	UDU
o0902866	n	9(N01)--	9(N01)
o0903368	s	X--	X
o0901697	s	SAL--	SAL
o0900975	s	HI@g--	HI@g
o0902858	n	1(N01)--	1(N01)
o0900513	s	EN-EN~a-	EN~a
o0903368	s	X--	X
o0902929	n	1(N14)--	1(N14)
o0902033	s	ŠU--	ŠU
o0902829	s	ZI-ZI~a-	ZI~a
o0902861	n	4(N01)--	4(N01)
o0901946	s	ŠE-ŠE~a-	ŠE~a
o0902935	n	5(N14)-5(N14)~v1-	5(N14)
o0903368	s	X--	X
o0901639	s	PAP-PAP~a-	PAP~a
o0901724	s	SI--	SI
o0900912	s	GU₇--	GU₇
o0902858	n	1(N01)--	1(N01)
o0903097	n	1(N39)-1(N39~a)-	1(N39~a)
o0903016	n	1(N24)--	1(N24)
o0902860	n	3(N01)--	3(N01)
o0903104	n	3(N39)-3(N39~a)-	3(N39~a)
o0903016	n	1(N24)--	1(N24)
o0903368	s	X--	X
o0903134	n	1(N45)--	1(N45)
o0902930	n	2(N14)--	2(N14)
o0902860	n	3(N01)--	3(N01)
o0902858	n	1(N01)--	1(N01)
o0901524	s	NIN--	NIN
o0901677	s	SAG--	SAG
o0902858	n	1(N01)--	1(N01)
o0902161	s	U₄--	U₄
o0900779	s	GAR--	GAR
o0903368	s	X--	X
o0902858	n	1(N01)--	1(N01)
o0902858	n	1(N01)--	1(N01)
o0902161	s	U₄--	U₄
o0900779	s	GAR--	GAR
o0900089	s	AN--	AN
o0900493	s	E₂-E₂~a-	E₂~a
o0902858	n	1(N01)--	1(N01)
o0900296	s	DU₈-DU₈~c-	DU₈~c
o0900296	s	DU₈-DU₈~c-	DU₈~c
o0900115	s	BA--	BA
o0903368	s	X--	X
